tag name	Brazil	Canada	Italy	Bangladesh	India	Korea, Republic of	Lithuania	Costa Rica	Morocco	France	Syrian Arab Republic	Netherlands	Slovakia	Ireland	Argentina	Norway	Ecuador	Czech Republic	Israel	Australia	Lebanon	Singapore	Iceland	Iran, Islamic Republic of	Macedonia, the Former Yugoslav Republic of	Slovenia	Guatemala	China	Bosnia and Herzegovina	Armenia	Puerto Rico	Belgium	Thailand	Germany	Hong Kong	Poland	Spain	Moldova, Republic of	Ukraine	Georgia	Chile	Denmark	Philippines	Indonesia	Saudi Arabia	Turkey	United States	Russian Federation	Serbia	Belarus	Croatia	Finland	Japan	Switzerland	New Zealand	Taiwan, Province of China	Nepal	Bulgaria	Romania	Peru	Portugal	Estonia	Uruguay	Kazakhstan	Sweden	Mexico	Viet Nam	Azerbaijan	Venezuela, Bolivarian Republic of	South Africa	United Kingdom	Malaysia	Austria	Latvia	Tunisia	Colombia	Greece	Paraguay	Hungary	Montenegro	Cyprus
Brazil	1.0	0.948425399466	0.968804814692	0.966832481941	0.965663398942	0.949170163735	0.948070787885	0.983519256394	0.917542677005	0.933212914954	0.897879150014	0.963004735393	0.933820720934	0.950531484186	0.980622914399	0.959895044477	0.974570405348	0.955574133169	0.959261035775	0.910929574976	0.908054288675	0.932068236436	0.909829845376	0.909701566014	0.910815446293	0.948031909755	0.976712456287	0.917556735571	0.966834995793	0.956164224292	0.960116302418	0.943408624886	0.960464993438	0.969521628807	0.904504859336	0.970063920782	0.955351439114	0.945205700775	0.932001667753	0.906609799562	0.985452483674	0.967127688989	0.956798538398	0.958573488342	0.939851709049	0.932200434158	0.930191172737	0.942062497934	0.954488185765	0.939452167348	0.974148106738	0.960292106057	0.961581544736	0.946931145607	0.936069367607	0.903986784063	0.968290885813	0.962363587746	0.802956662084	0.985122080449	0.915225832194	0.935387112432	0.986370442981	0.964895854582	0.965304299854	0.96950960699	0.926125746885	0.937079158707	0.984805793117	0.957160917265	0.970278637762	0.95969489019	0.948882906081	0.945266222103	0.874053477078	0.968953572452	0.926253567579	0.982226757038	0.937533815624	0.917944282877	0.967002974393
Canada	0.948425399466	1.0	0.986302738792	0.966223372272	0.979089608534	0.963493409353	0.987784002685	0.95126065189	0.987748811009	0.985942843384	0.893171282111	0.980898486246	0.980667746058	0.994034437625	0.94680866612	0.980651782248	0.907458941793	0.983000571185	0.982701711934	0.908236306132	0.975322493562	0.965863961293	0.988438881003	0.90546466096	0.966989390393	0.985515551898	0.911963276342	0.892042332393	0.983892782835	0.964516544065	0.958356077506	0.991741081614	0.97604609537	0.991670124513	0.886806565955	0.979609442312	0.986419933785	0.962767576698	0.951984373803	0.974328817663	0.95829137357	0.927414158298	0.930383715183	0.928817072178	0.97773250416	0.973283155987	0.997706384546	0.947535602177	0.984780972562	0.946909972266	0.975515609287	0.897031301615	0.876038185487	0.986395077179	0.993979632349	0.910616316339	0.933096666315	0.957562143381	0.873855060219	0.936041766601	0.983849229534	0.989263534809	0.935093255106	0.967255434761	0.951459179071	0.965953620017	0.906387984698	0.970113287389	0.954990772885	0.989141466026	0.984351031288	0.952018942884	0.993696669978	0.991121809457	0.95458296379	0.9420033091	0.97321486885	0.965723983472	0.982534183281	0.981064105279	0.980437077699
Italy	0.968804814692	0.986302738792	1.0	0.982462343602	0.987206572467	0.95763841428	0.987319145563	0.973470573544	0.964839416169	0.974423635487	0.915213119715	0.983622036586	0.982821336204	0.991343722717	0.971814140315	0.97746445054	0.93305473119	0.991235310326	0.990957502409	0.899062198768	0.967509302005	0.952597877859	0.971221300903	0.938341853413	0.971247100311	0.990817908797	0.937637835789	0.899305464479	0.990506481486	0.984090342668	0.957019303036	0.988953946248	0.971041803886	0.990823632357	0.886417925607	0.987239542912	0.99093150979	0.971573119315	0.963827591666	0.970536739669	0.973141015608	0.938212434195	0.933351752851	0.937966045206	0.964165634355	0.986289200826	0.976210901519	0.962600324474	0.989555659338	0.961769325957	0.990102820266	0.914720894498	0.914671204044	0.983319568249	0.97543307124	0.911237677336	0.965731255323	0.967765967564	0.857841274362	0.954650392404	0.978717483948	0.975058580971	0.96065258785	0.976203945028	0.956277242367	0.973225318704	0.913319962945	0.977014780295	0.964197388726	0.992825402679	0.985806442636	0.952915678044	0.990934919675	0.98738333325	0.941599079168	0.954600680715	0.984326445801	0.979695273418	0.978143566203	0.97584474677	0.990976441607
Bangladesh	0.966832481941	0.966223372272	0.982462343602	1.0	0.986547287854	0.938422886781	0.9719636948	0.970349535656	0.943493215895	0.947924594185	0.935183669895	0.966098550554	0.967765357703	0.965787927869	0.96053224118	0.971361258818	0.931956100377	0.979928816942	0.978316073847	0.90052989991	0.948095538013	0.934069055097	0.942269416916	0.946728600853	0.947405048507	0.973782047809	0.94182602848	0.888551946899	0.982407342173	0.978680479533	0.94676561798	0.962761437778	0.953650217678	0.982697599258	0.874044230315	0.981303983988	0.969928068534	0.974938673971	0.963034065179	0.947484348947	0.964551370922	0.928495841406	0.92636077711	0.926654973692	0.950485237952	0.965470377897	0.951600394727	0.961559539698	0.96867606837	0.964046385747	0.978072345075	0.939664957007	0.908081581813	0.961348310941	0.957235137082	0.895154148804	0.983241639242	0.979003345039	0.854704319925	0.946102622523	0.951976316366	0.958959855585	0.957580207071	0.974979041681	0.94773061846	0.958482574706	0.90613911569	0.96795567627	0.962886968935	0.980581730412	0.964594718219	0.945222538763	0.975504559389	0.974860275473	0.916251316323	0.946298869412	0.960866269144	0.973339586806	0.964220730719	0.941694881324	0.979568643246
India	0.965663398942	0.979089608534	0.987206572467	0.986547287854	1.0	0.961941364815	0.987755607759	0.969736113017	0.968351119186	0.971143248299	0.931863335237	0.982960461495	0.983306454194	0.981315884402	0.963235122359	0.988365752225	0.938823106002	0.989338188814	0.980763610328	0.918987403306	0.9704466694	0.952777368478	0.966586503077	0.958831467475	0.965664964325	0.981326552277	0.946102512909	0.908865635153	0.988276561356	0.98607126096	0.960825762544	0.980936616544	0.968796204365	0.988895824539	0.898190448773	0.991855946554	0.976372582349	0.979392218596	0.960683184814	0.964874644753	0.968746422576	0.949615911621	0.932271187761	0.933544088094	0.963706165655	0.975193975845	0.966305970653	0.960724131815	0.983610885285	0.959122348963	0.982626689738	0.941449640211	0.920313539996	0.978985764126	0.975571755608	0.915582857883	0.961385772154	0.978717530101	0.858750323111	0.949937280375	0.959378092717	0.978538200283	0.962914765049	0.977882333746	0.963937827685	0.965373712316	0.925076897094	0.983615110138	0.967050672189	0.981710209122	0.980352643007	0.955417694638	0.980697559177	0.984327524965	0.946994300335	0.955046870009	0.971374792094	0.972849791415	0.983173022141	0.962760022374	0.992593143479
Korea, Republic of	0.949170163735	0.963493409353	0.95763841428	0.938422886781	0.961941364815	1.0	0.954721946659	0.923186711078	0.967840850097	0.966569466688	0.929276159127	0.976024829743	0.94168595449	0.96562225697	0.913389440578	0.981027535554	0.911698112952	0.947104822943	0.928503637619	0.943984994782	0.963147967664	0.991700131487	0.955853401326	0.923070527248	0.923385132031	0.933513845053	0.914568423204	0.972457375416	0.951761351676	0.93642162119	0.943140091439	0.960333418421	0.993162791412	0.96730255466	0.97184386391	0.955032384273	0.953116458241	0.923741577068	0.888485824909	0.925636809439	0.940602591213	0.975726186411	0.976274248014	0.979560203967	0.987565697731	0.948646566336	0.953579670945	0.892344604846	0.953949471428	0.888955342905	0.93734846374	0.922364368529	0.919770966264	0.975626775184	0.958819403506	0.978487060478	0.897309280313	0.934497256759	0.872732557286	0.932998774211	0.927222422283	0.965679135676	0.91859909267	0.934225719514	0.9864404077	0.938924167613	0.977899773858	0.938042965674	0.956951393218	0.941954499762	0.975216003985	0.989326307236	0.952543177171	0.950809655349	0.933215995169	0.922349791496	0.925045017646	0.933147934853	0.960965797596	0.952214760331	0.968515175032
Lithuania	0.948070787885	0.987784002685	0.987319145563	0.9719636948	0.987755607759	0.954721946659	1.0	0.963409807331	0.975738410483	0.983612695971	0.903572393415	0.979475192815	0.995734552854	0.991747528363	0.960354770119	0.979964252489	0.922725862057	0.996067369322	0.984736127388	0.909885056097	0.97746776438	0.950064781452	0.980845734902	0.927752632972	0.983768732191	0.992861558515	0.929046326577	0.881786596974	0.992923840509	0.980546992235	0.96067655431	0.993011177372	0.967380042793	0.986810564355	0.876027239429	0.992376565015	0.983550025611	0.983792080562	0.973667914277	0.984208130176	0.965473148482	0.92861728168	0.91464536576	0.915967246093	0.959373100292	0.974783118408	0.979462746503	0.970245978864	0.995759835697	0.968863195676	0.985744763309	0.913598703386	0.897583636804	0.98160163376	0.99039844716	0.895667285767	0.941777207268	0.975111246838	0.871180551038	0.94158482593	0.980636399532	0.993015080929	0.951003169216	0.97994381644	0.948165231155	0.971879065897	0.897347457939	0.991077952284	0.958747883062	0.990162346496	0.984676162515	0.940208009073	0.988526724728	0.996769230517	0.961634727568	0.954892730031	0.986756021744	0.973131574179	0.993703978679	0.982902549043	0.989965683623
Costa Rica	0.983519256394	0.95126065189	0.973470573544	0.970349535656	0.969736113017	0.923186711078	0.963409807331	1.0	0.918631909688	0.936655542824	0.888171705576	0.952590003557	0.956729985598	0.955356002337	0.994657770763	0.94927561442	0.981310885497	0.971470637936	0.972793358314	0.884212232568	0.91710997824	0.907006275124	0.919610656799	0.915998008894	0.940475888936	0.968446399609	0.985159411253	0.869032080385	0.978233394969	0.971700646072	0.976513959668	0.951629526704	0.939327039719	0.967903946641	0.85483964401	0.977679087277	0.967046175718	0.967389171866	0.963364827861	0.93608910659	0.994732628491	0.930878879656	0.913597772495	0.914637728533	0.919784055701	0.939216150265	0.93503500466	0.968518027947	0.968074188386	0.966615191037	0.984767972025	0.94224697682	0.933906773497	0.941249827489	0.944069438444	0.863246026976	0.968409052863	0.971848841938	0.79639854638	0.987399157796	0.937252171059	0.943695185138	0.992837642827	0.976024981717	0.935903848107	0.986327017582	0.881635641899	0.961371675381	0.983990771827	0.968619270183	0.963596359856	0.925565280139	0.957392765294	0.96019713596	0.89075924657	0.988415517248	0.953575938948	0.992025180129	0.951228707866	0.928424906333	0.969107927785
Morocco	0.917542677005	0.987748811009	0.964839416169	0.943493215895	0.968351119186	0.967840850097	0.975738410483	0.918631909688	1.0	0.989436516392	0.9006541818	0.974465740356	0.972442209601	0.981440981109	0.910817053292	0.979019252584	0.880757167249	0.966860601617	0.956712811883	0.906377677307	0.987405699504	0.970887276635	0.993274710371	0.90469023873	0.960995082854	0.965304823387	0.886689581418	0.895849961999	0.966810106916	0.950532206547	0.946876545103	0.98532233717	0.970654738724	0.977603930237	0.895078151988	0.964152323222	0.966959396759	0.946982470991	0.924885785881	0.968827308521	0.930678252505	0.920068731663	0.916926522236	0.916357218159	0.980211204476	0.968856377324	0.988401697095	0.918247253801	0.971646616262	0.916961156201	0.947406961518	0.878732328052	0.848070935421	0.984956234734	0.988487598063	0.92168002633	0.89241712796	0.942007087008	0.89845629968	0.904300783624	0.970415181159	0.987178912518	0.903291091762	0.945263343056	0.943271672929	0.940497548858	0.911286626516	0.962393923837	0.935475626485	0.966105635145	0.969255638908	0.945929263868	0.978781835193	0.978971360115	0.976368605303	0.92077220661	0.958331839751	0.9298768228	0.980859164349	0.982214019472	0.970834967244
France	0.933212914954	0.985942843384	0.974423635487	0.947924594185	0.971143248299	0.966569466688	0.983612695971	0.936655542824	0.989436516392	1.0	0.896062529122	0.978735597481	0.97977367638	0.985733019859	0.933904735654	0.97806564878	0.900654949162	0.977373495896	0.965799039136	0.908670235955	0.982728253874	0.965394582184	0.986790871469	0.907858827494	0.968766862338	0.974520247169	0.905384021751	0.895607592633	0.975903932828	0.961631445219	0.951459522973	0.990777434624	0.972901599707	0.980164371989	0.893415425895	0.974822145711	0.974152267887	0.957249150334	0.941075879906	0.971536764022	0.946632902413	0.92958891768	0.921690929643	0.923677197459	0.971768607495	0.972839073585	0.982415762018	0.93739209988	0.982615526951	0.935161179254	0.962983570094	0.890582078656	0.878624266925	0.98580307119	0.987244836649	0.916523947649	0.908062249822	0.951523073042	0.885062381585	0.922994529158	0.972564854872	0.987883488521	0.925163456085	0.958225062285	0.948454598183	0.955000088835	0.909787535246	0.971632634506	0.946044650069	0.97412598143	0.977591717584	0.947079072509	0.981280114043	0.983608191607	0.970718840462	0.936861322323	0.968364486815	0.946991439456	0.984806728872	0.98644765542	0.978957195856
Syrian Arab Republic	0.897879150014	0.893171282111	0.915213119715	0.935183669895	0.931863335237	0.929276159127	0.903572393415	0.888171705576	0.9006541818	0.896062529122	1.0	0.917192724911	0.903774940594	0.901082525438	0.869105337403	0.931152796131	0.870379843233	0.909702458665	0.886187578974	0.871976087468	0.926392276668	0.918148902095	0.892125751113	0.960551134446	0.892549414543	0.891139059417	0.881076437116	0.916996198388	0.91446651273	0.929197657134	0.886994214846	0.899524493634	0.920084161377	0.914052748252	0.90482449142	0.91311596647	0.90025410021	0.904417969392	0.864261530128	0.885113384358	0.889394209623	0.911848313609	0.906063174758	0.912042822483	0.922367028162	0.922321583499	0.876658505063	0.864758543966	0.90312422418	0.866683613308	0.892859886262	0.905695868386	0.877688641146	0.915915723046	0.884728378865	0.922886422104	0.896307203056	0.914301266549	0.8765013071	0.876312045696	0.874146468398	0.900335610686	0.877162951943	0.895530641341	0.926000033972	0.879366201278	0.928358478101	0.913070639759	0.905717350219	0.893220516152	0.90445776949	0.926222944867	0.899270290436	0.900490757869	0.894446154288	0.871113133797	0.8955118167	0.880877373663	0.912480665086	0.891829474579	0.928381304232
Netherlands	0.963004735393	0.980898486246	0.983622036586	0.966098550554	0.982960461495	0.976024829743	0.979475192815	0.952590003557	0.974465740356	0.978735597481	0.917192724911	1.0	0.967143131699	0.988507386444	0.951202904206	0.991105050449	0.927286346436	0.976091335794	0.971487994143	0.917027389011	0.966632306617	0.971525229646	0.972031582997	0.934759461305	0.948948180709	0.970036435903	0.928307431123	0.930030804252	0.976692015361	0.968557750075	0.947800670158	0.987915671438	0.9831600529	0.988570665376	0.920603667899	0.979070088862	0.976011508612	0.947780002225	0.926978036307	0.944900109705	0.959492885556	0.966340656727	0.950204356268	0.953730776844	0.976716982685	0.976287140424	0.970216943685	0.926722551168	0.979725156593	0.924466196475	0.97354098252	0.916943928116	0.914711824736	0.996443237056	0.973182804562	0.937050047209	0.943927799433	0.956002105497	0.869410288685	0.944446188492	0.952980662638	0.974100927811	0.950035524508	0.953070103539	0.979267239021	0.953844040168	0.946087964958	0.960458378235	0.958623352149	0.974035177378	0.991864841806	0.968538453741	0.979816747475	0.974073717495	0.940319685083	0.941114366698	0.958928661239	0.957866852703	0.970920291503	0.973520960864	0.989861005702
Slovakia	0.933820720934	0.980667746058	0.982821336204	0.967765357703	0.983306454194	0.94168595449	0.995734552854	0.956729985598	0.972442209601	0.97977367638	0.903774940594	0.967143131699	1.0	0.98447393015	0.95298222531	0.970154060254	0.910433484717	0.996332934168	0.981182062523	0.892795622138	0.980429470296	0.936293059354	0.979952883049	0.930859379206	0.990720795628	0.992459362347	0.919789352315	0.862016371812	0.989975006945	0.982900961123	0.955043265532	0.989015438184	0.953214544522	0.979074393658	0.854621900684	0.989236289757	0.977337494295	0.988922855647	0.980390216235	0.991828732275	0.95573207192	0.908663807848	0.89378378123	0.895300684264	0.948425824001	0.976973722504	0.97379520175	0.976257046692	0.992537760626	0.975093244483	0.979929900766	0.902630696168	0.884666221958	0.972399883294	0.985106578743	0.880326441947	0.9347992351	0.973981451466	0.87212579412	0.927101109183	0.98256197409	0.988722016363	0.941244251837	0.981631282943	0.927899714663	0.96467177773	0.878815256382	0.995788163947	0.947707549769	0.986825190953	0.972324502347	0.924186592613	0.984193018736	0.995247111392	0.970256286403	0.948653644436	0.990839418818	0.963492802587	0.995266780042	0.981686961438	0.985441925145
Ireland	0.950531484186	0.994034437625	0.991343722717	0.965787927869	0.981315884402	0.96562225697	0.991747528363	0.955356002337	0.981440981109	0.985733019859	0.901082525438	0.988507386444	0.98447393015	1.0	0.953766015645	0.981199644266	0.91410225673	0.98814533113	0.98275902781	0.906572717913	0.975756426096	0.965990191947	0.986473496548	0.920783937265	0.971363889508	0.98738650125	0.916649462005	0.901368116745	0.985459089553	0.970306404214	0.953684089413	0.996641025489	0.978940637433	0.990705018171	0.893492415886	0.981744021863	0.990497156856	0.962340919622	0.951124436606	0.974476541862	0.961926985657	0.935560472193	0.932241462885	0.933549049895	0.975122092481	0.980475609734	0.988327964214	0.947758898301	0.990183284559	0.946264349783	0.980281025696	0.895130214173	0.889598463166	0.992047915153	0.988709576845	0.917197820219	0.936311696205	0.955917249354	0.869398711271	0.941620190786	0.982707554011	0.987653821547	0.941756146409	0.965876267919	0.957575778246	0.968065504612	0.916192528482	0.974018520683	0.954952827797	0.989790390395	0.992523256878	0.954153558313	0.993615316491	0.990708420236	0.952715589235	0.944392480843	0.980421472208	0.967799737102	0.983945028588	0.98598842234	0.986648475465
Argentina	0.980622914399	0.94680866612	0.971814140315	0.96053224118	0.963235122359	0.913389440578	0.960354770119	0.994657770763	0.910817053292	0.933904735654	0.869105337403	0.951202904206	0.95298222531	0.953766015645	1.0	0.94286066876	0.973166610619	0.968997523143	0.975120256013	0.872430354271	0.909163651678	0.895663251709	0.915578497079	0.903972455616	0.939060114551	0.969148171264	0.974760829894	0.853169351245	0.974426349856	0.969962057834	0.962898861502	0.951590589784	0.931302011101	0.962622056844	0.837830975168	0.973531010301	0.965396092208	0.960885479093	0.961885372879	0.931721556333	0.989052619925	0.926032196716	0.901051901904	0.905640600374	0.907822553142	0.938621908017	0.930550507089	0.968002917916	0.967336387939	0.964871101856	0.986248759258	0.931628674336	0.93801504566	0.938709592065	0.938197608825	0.84886072678	0.965659396947	0.961778495738	0.787327279697	0.981258024529	0.935810183304	0.936381149031	0.994725530238	0.971336570519	0.92849736782	0.981000435068	0.866807951703	0.956133401783	0.97127204541	0.966219220141	0.961506918029	0.913299646176	0.954165408059	0.955951501214	0.884210513045	0.98109024369	0.954056140334	0.989845988571	0.942864798083	0.929016097291	0.965033338787
Norway	0.959895044477	0.980651782248	0.97746445054	0.971361258818	0.988365752225	0.981027535554	0.979964252489	0.94927561442	0.979019252584	0.97806564878	0.931152796131	0.991105050449	0.970154060254	0.981199644266	0.94286066876	1.0	0.928068055513	0.975644930031	0.963801988375	0.945033124484	0.974532421881	0.975951394891	0.972625921734	0.94451507751	0.94992036641	0.966063959567	0.932072243014	0.937912642008	0.977574831462	0.966731134	0.955351791378	0.980227145241	0.982995353334	0.988668961081	0.932163748334	0.981233005493	0.969009857178	0.957234555762	0.930315185367	0.948854524322	0.958845638292	0.967227726607	0.951614954131	0.952451648275	0.980833246698	0.969473235709	0.969312462924	0.931280636879	0.975431805493	0.928784061223	0.967800025	0.939801152812	0.917642593085	0.989001453991	0.978220136043	0.945719387368	0.93728628052	0.96349128412	0.88459804538	0.94179273249	0.948042800849	0.981645654229	0.947482272918	0.959204209884	0.983116417035	0.953586714281	0.951639323747	0.965242449885	0.964009614237	0.969381720466	0.983198453197	0.972583879627	0.976590333413	0.975580155151	0.948386546569	0.942370163655	0.952299466839	0.95554276701	0.978553488572	0.964741654779	0.987382786029
Ecuador	0.974570405348	0.907458941793	0.93305473119	0.931956100377	0.938823106002	0.911698112952	0.922725862057	0.981310885497	0.880757167249	0.900654949162	0.870379843233	0.927286346436	0.910433484717	0.91410225673	0.973166610619	0.928068055513	1.0	0.928798512114	0.922466498953	0.886583393054	0.878152378554	0.890961112808	0.872835743917	0.893898451752	0.8877067308	0.916828900893	0.998041888166	0.88233122032	0.937643738233	0.930749542623	0.973637140266	0.910229371121	0.921584871391	0.93177632699	0.871016318672	0.943757603624	0.927649073793	0.924355528847	0.909286568405	0.881091958615	0.985266520878	0.936030008373	0.913129996853	0.914685855094	0.895716078119	0.89533239485	0.88578747571	0.920603715545	0.926498763154	0.916476461431	0.944574104446	0.940694987653	0.941432023706	0.909778126793	0.902727026887	0.865418266995	0.930278612889	0.937682557277	0.762221026441	0.991492279552	0.879080492905	0.907047443709	0.985557233492	0.93801305232	0.93133759038	0.969704518752	0.890363354638	0.918271558993	0.983476847427	0.920526212258	0.934454536192	0.918910598537	0.910707379597	0.914018069041	0.848618734973	0.98793806633	0.897930683944	0.961720437799	0.913649708523	0.882364671435	0.937587919159
Czech Republic	0.955574133169	0.983000571185	0.991235310326	0.979928816942	0.989338188814	0.947104822943	0.996067369322	0.971470637936	0.966860601617	0.977373495896	0.909702458665	0.976091335794	0.996332934168	0.98814533113	0.968997523143	0.975644930031	0.928798512114	1.0	0.988641373314	0.899519022585	0.971609724598	0.94138482011	0.972562631312	0.935433235508	0.981537953832	0.994791433569	0.936846528103	0.876735946881	0.994412849733	0.987708284695	0.958588197581	0.989687878716	0.961960183873	0.98733286337	0.866658831814	0.994617701945	0.985109010933	0.989460463101	0.982207041459	0.982440528943	0.969493769657	0.924695967446	0.913119768001	0.914454185522	0.953718537984	0.978988086594	0.972983308481	0.980365353989	0.993424516633	0.979521755593	0.989726912265	0.918872943602	0.905902228111	0.976978703432	0.982658182661	0.889377730032	0.956590718933	0.980051437478	0.859581930026	0.946134790537	0.979791526172	0.985391184716	0.959371520848	0.987660702431	0.94267499399	0.974146433602	0.893390786185	0.992494584827	0.961096118951	0.993301139648	0.981295361892	0.9379313893	0.989141678567	0.995694871498	0.953308135407	0.958684222746	0.988442336138	0.978369355379	0.991390477642	0.97631083532	0.991236457263
Israel	0.959261035775	0.982701711934	0.990957502409	0.978316073847	0.980763610328	0.928503637619	0.984736127388	0.972793358314	0.956712811883	0.965799039136	0.886187578974	0.971487994143	0.981182062523	0.98275902781	0.975120256013	0.963801988375	0.922466498953	0.988641373314	1.0	0.870642631139	0.952166003109	0.920580351604	0.966110293607	0.916232391182	0.972777400223	0.995249798178	0.928075991049	0.849959467303	0.990958489543	0.984618734697	0.95029744778	0.983322961634	0.946126650021	0.983743920861	0.836072445338	0.986091769299	0.981113646703	0.975870283184	0.976135497745	0.971036482501	0.966509157953	0.914416687287	0.897528993063	0.900512498283	0.93853062486	0.97261110407	0.97549715253	0.972827908927	0.987803050863	0.972560947033	0.992954755543	0.907778412099	0.894908624287	0.969235241245	0.973037146234	0.860170904596	0.96838243054	0.971681204212	0.845076669405	0.941957533231	0.977291329487	0.967861893313	0.960100044127	0.976831099072	0.929785116675	0.965881971192	0.868002324303	0.977169336514	0.950220791651	0.990966082379	0.975520134967	0.919456109391	0.985004394595	0.985379889781	0.935387092197	0.949768203354	0.984940205214	0.978784134108	0.969677232074	0.969481195915	0.981487178904
Australia	0.910929574976	0.908236306132	0.899062198768	0.90052989991	0.918987403306	0.943984994782	0.909885056097	0.884212232568	0.906377677307	0.908670235955	0.871976087468	0.917027389011	0.892795622138	0.906572717913	0.872430354271	0.945033124484	0.886583393054	0.899519022585	0.870642631139	1.0	0.900289925304	0.941303898403	0.890205294845	0.871887072027	0.863254675961	0.87975567513	0.888617552808	0.931313858679	0.905845000339	0.874804780339	0.903601845221	0.896215514384	0.942668897357	0.925477969303	0.93912801741	0.912474263447	0.892341435329	0.889002396931	0.853978040822	0.871690662143	0.906833282255	0.935773635961	0.938231261356	0.934413707907	0.933678632296	0.872917580828	0.891758380956	0.86364013144	0.897507483661	0.859111438217	0.892340653502	0.925576434592	0.904075271873	0.911227581687	0.917710219419	0.930788386653	0.855892352207	0.89584616855	0.819613516413	0.903016120609	0.860720507117	0.926707903722	0.89039126187	0.900914806192	0.949594259162	0.903113332651	0.932803019914	0.889231940901	0.925792426083	0.892074669526	0.920212840343	0.94758965644	0.902510925008	0.902244883934	0.864294673753	0.889734968416	0.855163991327	0.899307473721	0.916290761564	0.874929967312	0.909766571152
Lebanon	0.908054288675	0.975322493562	0.967509302005	0.948095538013	0.9704466694	0.963147967664	0.97746776438	0.91710997824	0.987405699504	0.982728253874	0.926392276668	0.966632306617	0.980429470296	0.975756426096	0.909163651678	0.974532421881	0.878152378554	0.971609724598	0.952166003109	0.900289925304	1.0	0.963266896358	0.988440523828	0.9339289924	0.97638371464	0.967085937306	0.886038029844	0.894418100009	0.966776901459	0.960496074597	0.940320877631	0.982349422752	0.962190859117	0.968124405036	0.891585065784	0.964012248005	0.964658735639	0.95534555292	0.932703952064	0.976904226397	0.925617487624	0.912316137265	0.904689691159	0.910931061729	0.969337663012	0.981207815088	0.971900448343	0.925509991326	0.973992056457	0.924551412647	0.945660809856	0.876974759227	0.858756129632	0.979630846036	0.976929054153	0.925126883758	0.895819894941	0.942787612078	0.91272939025	0.896570577177	0.971490338753	0.982708071045	0.899895189521	0.945278368577	0.937325094724	0.936108399483	0.909393536499	0.972913985662	0.928868295131	0.962995919856	0.958795780903	0.938295965925	0.973068925326	0.978349004263	0.98812023195	0.916821413745	0.970966919912	0.923066075143	0.985033794101	0.984884475505	0.974825952851
Singapore	0.932068236436	0.965863961293	0.952597877859	0.934069055097	0.952777368478	0.991700131487	0.950064781452	0.907006275124	0.970887276635	0.965394582184	0.918148902095	0.971525229646	0.936293059354	0.965990191947	0.895663251709	0.975951394891	0.890961112808	0.94138482011	0.920580351604	0.941303898403	0.963266896358	1.0	0.957202573704	0.904255606304	0.912258930269	0.927654179655	0.89286252491	0.964499028744	0.940986863068	0.918335553494	0.932121278734	0.959322463918	0.99414573421	0.965633128198	0.96599921449	0.942451631376	0.955970341952	0.910794225595	0.878659930839	0.922088997225	0.928882362408	0.952673656631	0.976865857208	0.976013210301	0.996468541247	0.949051425602	0.958430133026	0.878882581303	0.943558167839	0.877353907125	0.923777185891	0.890457130654	0.885153985972	0.977265466314	0.962098854172	0.981538231593	0.88543893667	0.914875473842	0.876032633886	0.920757728118	0.933749376612	0.966797506523	0.897562071913	0.923194267981	0.976320035965	0.934781394187	0.972093928861	0.925589590405	0.946855927239	0.944852501688	0.967451540571	0.989935540868	0.958625737487	0.951319174713	0.928171533229	0.909875801796	0.916498278554	0.921909338814	0.956604953145	0.950736746386	0.956610156222
Iceland	0.909829845376	0.988438881003	0.971221300903	0.942269416916	0.966586503077	0.955853401326	0.980845734902	0.919610656799	0.993274710371	0.986790871469	0.892125751113	0.972031582997	0.979952883049	0.986473496548	0.915578497079	0.972625921734	0.872835743917	0.972562631312	0.966110293607	0.890205294845	0.988440523828	0.957202573704	1.0	0.909357244289	0.975700423075	0.975378652682	0.877619020857	0.877635427332	0.969877113944	0.956072867677	0.940978975737	0.989857763941	0.960034986136	0.974137073909	0.873964039976	0.964771228043	0.970155434864	0.949653898903	0.933266937528	0.980021114514	0.927780280727	0.908889832894	0.897689417706	0.89997630557	0.967424667883	0.975648896187	0.990041616002	0.925132219412	0.978180216586	0.923736129682	0.954155787208	0.86518929046	0.845222839414	0.983689248346	0.986574669671	0.904366823492	0.896343432153	0.938509710374	0.898866899438	0.897555755312	0.980457634665	0.985314366934	0.901215886943	0.943878153094	0.932854118225	0.938481028853	0.893347264549	0.967407190658	0.92420210642	0.969844623943	0.969202420985	0.929242419075	0.980405243865	0.981761051767	0.980074699387	0.915067917541	0.973937650919	0.929473106235	0.980646581599	0.988979880875	0.97151975258
Iran, Islamic Republic of	0.909701566014	0.90546466096	0.938341853413	0.946728600853	0.958831467475	0.923070527248	0.927752632972	0.915998008894	0.90469023873	0.907858827494	0.960551134446	0.934759461305	0.930859379206	0.920783937265	0.903972455616	0.94451507751	0.893898451752	0.935433235508	0.916232391182	0.871887072027	0.9339289924	0.904255606304	0.909357244289	1.0	0.921150617855	0.918862202594	0.902389101865	0.905776882349	0.931701204091	0.957477399384	0.900478157258	0.919854986032	0.913759642264	0.928125248164	0.885670295103	0.936666059849	0.91742493489	0.925653159906	0.891556019047	0.910632376246	0.90749393658	0.920546463037	0.886221839188	0.894709627562	0.911243227139	0.941969308785	0.886442517696	0.893410461845	0.926699024636	0.89110042042	0.922915783276	0.912673044944	0.901075820002	0.928339172761	0.895197514177	0.905997498894	0.919939311606	0.926099841026	0.831037322886	0.891242755083	0.887481084268	0.909865810006	0.909672594909	0.913160160475	0.930895504309	0.895615980972	0.920366332776	0.940996860185	0.908576772816	0.910676482252	0.920813677961	0.913956465092	0.913595648075	0.91637899835	0.90376176134	0.890415986368	0.926122923757	0.903343627148	0.927618109734	0.904956474175	0.949901306456
Macedonia, the Former Yugoslav Republic of	0.910815446293	0.966989390393	0.971247100311	0.947405048507	0.965664964325	0.923385132031	0.983768732191	0.940475888936	0.960995082854	0.968766862338	0.892549414543	0.948948180709	0.990720795628	0.971363889508	0.939060114551	0.94992036641	0.8877067308	0.981537953832	0.972777400223	0.863254675961	0.97638371464	0.912258930269	0.975700423075	0.921150617855	1.0	0.986526409213	0.896709166723	0.833326655727	0.981185169884	0.975964837636	0.942214549432	0.978761360804	0.929900897217	0.959276169408	0.825618861145	0.974043863272	0.960631687093	0.976844175134	0.970424259659	0.992384269501	0.937057581365	0.88727141347	0.860212913674	0.867207548306	0.924812511575	0.968734045845	0.963489959339	0.964465258189	0.987883540932	0.962743536781	0.970162296965	0.879736659708	0.867190365299	0.956511293843	0.970674229137	0.854166145207	0.914584491963	0.958818484572	0.885500280608	0.903195473587	0.977904996951	0.973331477575	0.921766186043	0.96360351814	0.903146414492	0.944918678515	0.848671540472	0.98877084607	0.923710039336	0.970011701308	0.955185389225	0.894295115998	0.966420174529	0.98076811057	0.977821800003	0.929601124613	0.993463488775	0.9430694752	0.981653627213	0.982348894506	0.971226137202
Slovenia	0.948031909755	0.985515551898	0.990817908797	0.973782047809	0.981326552277	0.933513845053	0.992861558515	0.968446399609	0.965304823387	0.974520247169	0.891139059417	0.970036435903	0.992459362347	0.98738650125	0.969148171264	0.966063959567	0.916828900893	0.994791433569	0.995249798178	0.87975567513	0.967085937306	0.927654179655	0.975378652682	0.918862202594	0.986526409213	1.0	0.923696572899	0.850372722452	0.993701222315	0.98513201165	0.954074054	0.989384056513	0.949751443576	0.98417639442	0.839512670658	0.988071986153	0.984786521849	0.98308715209	0.982374370001	0.985052050734	0.964376188267	0.908237727376	0.893259790794	0.89681713655	0.943114852757	0.976958169375	0.97915218288	0.978110034208	0.993925908785	0.977618558824	0.991669197672	0.901490143162	0.887922245377	0.97251518946	0.981589405225	0.866504506088	0.954532547117	0.972267518115	0.859422490105	0.937415801266	0.986845183049	0.979464485874	0.953256335264	0.980246990815	0.927749057672	0.969243440645	0.867670076283	0.987116492803	0.949624276774	0.993252879509	0.976166339196	0.919459090862	0.98929451256	0.993352642629	0.953395399582	0.951706135776	0.993828419983	0.97600493688	0.98285576061	0.979367365044	0.984320034227
Guatemala	0.976712456287	0.911963276342	0.937637835789	0.94182602848	0.946102512909	0.914568423204	0.929046326577	0.985159411253	0.886689581418	0.905384021751	0.881076437116	0.928307431123	0.919789352315	0.916649462005	0.974760829894	0.932072243014	0.998041888166	0.936846528103	0.928075991049	0.888617552808	0.886038029844	0.89286252491	0.877619020857	0.902389101865	0.896709166723	0.923696572899	1.0	0.881541239534	0.945527609951	0.940433876719	0.975568645723	0.913973565737	0.923819849719	0.937415235953	0.870119134778	0.952237369691	0.930288886229	0.938192027415	0.92290408202	0.891215301552	0.986142889249	0.936020343941	0.91401168604	0.914706185125	0.899387543181	0.900947581481	0.8904112882	0.933718698824	0.932381898008	0.930243071289	0.949988896456	0.950498764411	0.94304362856	0.911488887212	0.908986812269	0.865674400562	0.938140473405	0.95112452568	0.769491408212	0.98956012836	0.885681816658	0.913981824996	0.987125250473	0.949978471265	0.931065494942	0.971203573893	0.890294739944	0.92968698221	0.986165090403	0.927334771341	0.936485670408	0.92156565905	0.916167248053	0.922377612114	0.857975235831	0.989225470017	0.905722213133	0.966745468649	0.923409956834	0.886757495584	0.944487949457
China	0.917556735571	0.892042332393	0.899305464479	0.888551946899	0.908865635153	0.972457375416	0.881786596974	0.869032080385	0.895849961999	0.895607592633	0.916996198388	0.930030804252	0.862016371812	0.901368116745	0.853169351245	0.937912642008	0.88233122032	0.876735946881	0.849959467303	0.931313858679	0.894418100009	0.964499028744	0.877635427332	0.905776882349	0.833326655727	0.850372722452	0.881541239534	1.0	0.882423025905	0.86969192388	0.884713912517	0.88709739981	0.960663168796	0.909840151049	0.996710800644	0.890608376953	0.888997781308	0.846244388724	0.796514764597	0.834896206002	0.89087308895	0.968941226736	0.978870626812	0.981289742495	0.951600759406	0.885300587503	0.874034907553	0.807545270652	0.879536336028	0.803343274503	0.870061330206	0.904414335974	0.917307681354	0.921653188703	0.88187287915	0.988865149281	0.852338290698	0.868904844527	0.815294251693	0.899971137156	0.836757845008	0.894996934031	0.872680993585	0.865376375115	0.974769782693	0.878862535505	0.997101559341	0.860620943274	0.919112936178	0.869279955819	0.924603289362	0.979657662629	0.882287731938	0.873000353688	0.847433465606	0.864776663113	0.839129109777	0.874099847067	0.889860028846	0.870784324658	0.911299537037
Bosnia and Herzegovina	0.966834995793	0.983892782835	0.990506481486	0.982407342173	0.988276561356	0.951761351676	0.992923840509	0.978233394969	0.966810106916	0.975903932828	0.91446651273	0.976692015361	0.989975006945	0.985459089553	0.974426349856	0.977574831462	0.937643738233	0.994412849733	0.990958489543	0.905845000339	0.966776901459	0.940986863068	0.969877113944	0.931701204091	0.981185169884	0.993701222315	0.945527609951	0.882423025905	1.0	0.988854951905	0.966512585881	0.985922986827	0.963794763324	0.989393439795	0.873251742439	0.996213719356	0.980261374957	0.988993750167	0.980067361005	0.97765021154	0.97620036138	0.937141072358	0.919917274008	0.921242715095	0.953908416409	0.970988664944	0.974375976818	0.979519019611	0.995730520561	0.978538250403	0.994777534088	0.937876834143	0.917444894358	0.974292094884	0.982684621745	0.889029622535	0.961300624945	0.987579449	0.874122633083	0.954097058397	0.973943054205	0.983193364208	0.966867146176	0.988692608057	0.949154814459	0.97490979117	0.896680195582	0.98981836666	0.968839936116	0.99004144295	0.984197523328	0.941389030002	0.984872800647	0.991541305742	0.951407220452	0.963165418507	0.985008185608	0.983251124393	0.986737313589	0.975060017702	0.990371737171
Armenia	0.956164224292	0.964516544065	0.984090342668	0.978680479533	0.98607126096	0.93642162119	0.980546992235	0.971700646072	0.950532206547	0.961631445219	0.929197657134	0.968557750075	0.982900961123	0.970306404214	0.969962057834	0.966731134	0.930749542623	0.987708284695	0.984618734697	0.874804780339	0.960496074597	0.918335553494	0.956072867677	0.957477399384	0.975964837636	0.98513201165	0.940433876719	0.86969192388	0.988854951905	1.0	0.949703833236	0.975000473149	0.942362952579	0.976005134506	0.853802265052	0.98891310726	0.969425256877	0.983925956733	0.973200419259	0.968218586198	0.961267541381	0.928323943651	0.89639982645	0.902853308881	0.932563411336	0.97509475631	0.952435193638	0.972836774241	0.985479607371	0.97135156612	0.986262603954	0.930368835807	0.915828735672	0.964226484202	0.957766612186	0.875825586494	0.964836602249	0.981933590466	0.853847775742	0.938034781816	0.957751062852	0.961302741154	0.96280272338	0.97842543321	0.935961986407	0.95689066424	0.88742640945	0.988971600033	0.950865948806	0.975781091874	0.968416233576	0.92242570226	0.970540167417	0.976949989494	0.944236746706	0.950231252738	0.983289919821	0.969554460612	0.974152236385	0.963323454568	0.98906129127
Puerto Rico	0.960116302418	0.958356077506	0.957019303036	0.94676561798	0.960825762544	0.943140091439	0.96067655431	0.976513959668	0.946876545103	0.951459522973	0.886994214846	0.947800670158	0.955043265532	0.953684089413	0.962898861502	0.955351791378	0.973637140266	0.958588197581	0.95029744778	0.903601845221	0.940320877631	0.932121278734	0.940978975737	0.900478157258	0.942214549432	0.954074054	0.975568645723	0.884713912517	0.966512585881	0.949703833236	1.0	0.953109658976	0.95011829792	0.961387113786	0.880460237036	0.966056406991	0.958391379674	0.955268925314	0.939303621897	0.944754719351	0.985093183592	0.927253918007	0.917138311345	0.915426117699	0.940904502973	0.931688950697	0.949639847853	0.942012654448	0.961218325555	0.939472345939	0.958355428604	0.923925765483	0.901567016594	0.945335343831	0.958602579492	0.8876209804	0.917713421018	0.95647629665	0.835698954502	0.976764101257	0.939616428983	0.959795277024	0.964607058125	0.960713408096	0.93560237818	0.984607553526	0.894008920006	0.956353879098	0.986854491404	0.953983861364	0.957024569655	0.934267756194	0.951737491046	0.958927102213	0.924445223908	0.98980755825	0.941705743433	0.965458741742	0.960811962618	0.938740499403	0.959400002292
Belgium	0.943408624886	0.991741081614	0.988953946248	0.962761437778	0.980936616544	0.960333418421	0.993011177372	0.951629526704	0.98532233717	0.990777434624	0.899524493634	0.987915671438	0.989015438184	0.996641025489	0.951590589784	0.980227145241	0.910229371121	0.989687878716	0.983322961634	0.896215514384	0.982349422752	0.959322463918	0.989857763941	0.919854986032	0.978761360804	0.989384056513	0.913973565737	0.88709739981	0.985922986827	0.975000473149	0.953109658976	1.0	0.971906853208	0.987695208892	0.879518215472	0.983667121681	0.986483491466	0.966527597719	0.955869890886	0.97924210616	0.956843251491	0.9287386664	0.917977725541	0.921106150341	0.969045640925	0.985946915822	0.986711388278	0.951126165337	0.992529603457	0.949637341081	0.978823877493	0.889056649505	0.88317972484	0.992961421776	0.988934569608	0.906788112204	0.932642888117	0.958962590829	0.879406418519	0.932567104076	0.984897098644	0.988516366718	0.93922512063	0.966064296701	0.948549897651	0.963435799394	0.904315129651	0.979409195061	0.94953069963	0.988375543252	0.986671113114	0.943991402231	0.992113936434	0.992187616272	0.966905640008	0.944378160276	0.984856016262	0.960556623658	0.987523724738	0.992849180784	0.988813965403
