	rock	pop	indie	electronic	alternative	classic rock	folk	indie rock	soul	alternative rock	dance	indie pop	rap	jazz	acoustic	ambient	hard rock	experimental	classical	house	blues	metal	new wave	hip hop	funk	punk	psychedelic	britpop	latin	heavy metal	electro	progressive rock	synthpop	dubstep	electropop	reggae	oldies	indie folk	grunge	techno	psychedelic rock	country	emo	disco	rnb	punk rock	soft rock	thrash metal	contemporary classical	swing	folk rock	trance	trip hop	progressive metal	glam rock	alternative metal	ska	industrial	metalcore	death metal	melodic death metal	black metal	post punk	romantic	blues rock	post rock	world music	doom metal	gothic metal	industrial metal	power metal	soundtracks	stoner rock	art rock	modern classical	brutal death metal	gothic rock	new age	neoclassical	avant garde	screamo	symphonic metal	baroque	fusion	nu metal	minimalism	acid jazz	art pop	noise	speed metal	rockabilly	experimental rock	groove metal	rock n roll	funk rock	alternative pop	orchestral	industrial rock	chanson francaise	chanson	progressive death metal	bluegrass	gospel	nu jazz	crossover	folk metal	smooth jazz	post grunge	minimalist	jazz fusion	melodic metal	psychedelic folk	country rock	hardcore punk	christian rock	a cappella	sludge	post hardcore	glam metal	grindcore	viking metal	opera	krautrock	ballads	dnb	neofolk	classical music	technical death metal	sludge metal	prog rock	jazz rock	contemporary jazz	trash metal	stoner metal	british rock	avantgarde	classical guitar	symphonic	modern rock	jazz funk	mathcore	post metal	electroacoustic	folk punk	choral	crust punk
rock	1.0	-0.105701765167	-0.407893991861	-0.419257177634	0.575987371735	0.541358630084	-0.677920159427	0.0737707161317	-0.488271627244	0.679480448815	-0.000715206805294	-0.434321815785	-0.327129959266	-0.394243071604	-0.559011231751	-0.58085652679	0.618796501392	-0.394391597857	-0.40192917144	-0.218538520829	-0.269613238866	0.227014781713	0.328999021551	-0.419619322505	0.101412324793	0.652302960079	0.059216734455	0.402359556068	0.43919046957	0.325872910804	-0.145487935819	0.233480960237	0.0340125908508	-0.223416779018	-0.0357070063945	0.53873090944	-0.143734118458	-0.720971612563	0.55390444593	-0.152333187118	0.301230633758	-0.293668545269	0.308228591412	-0.00169256589266	-0.34554841643	0.720033152978	0.129058023318	0.165043986099	-0.498109953197	-0.280032650751	-0.200750625917	0.0153318932222	-0.396436260194	-0.0846318305866	0.550903948819	0.248497875047	0.71302175159	0.338985607961	0.248518557086	-0.176055210666	-0.239121831244	0.0208362164937	0.302192383295	-0.261461652489	0.193519941803	-0.257416959569	-0.258050034939	-0.27500307656	-0.268878861612	0.358110483708	-0.142984348258	-0.305398984569	0.20098234097	0.249587747298	-0.534935694838	0.449534850744	0.0155303378004	-0.170657371662	-0.449716660547	-0.183811941836	0.0545924383189	-0.0644370868327	-0.215854353546	-0.0258893073212	0.518162255165	-0.559616909353	0.118708479023	-0.346611322306	-0.0125141692676	0.261304299883	-0.101457867377	0.123472547111	-0.0729252640817	0.722620274276	0.535861576179	-0.224480949912	-0.237512429872	0.386253296195	-0.105179482039	-0.134840162164	-0.287205604011	-0.310904602863	-0.100716255326	-0.283373310294	0.678774475837	-0.106328619944	-0.185770114371	0.403895970057	-0.580069236552	-0.217817039751	-0.0963361930773	-0.0944758718329	-0.101971255129	0.363615424392	0.169780562009	-0.299821346297	-0.023027614324	0.298089490923	0.606035026242	0.306797058095	-0.0843260098473	-0.206961748174	0.0215807700042	-0.0593803617045	-0.0640785122281	-0.253078670535	-0.343103029704	-0.280392932895	0.0790138896499	0.228366060091	0.310907928806	-0.292955901407	0.12334440785	0.0431066373219	0.32399493182	0.193223332714	-0.102225829484	0.182057808232	0.227010768285	0.0117504341833	0.231884907509	-0.20486215196	-0.301273689568	0.165759991902	-0.29059482753	0.0694048436634
pop	-0.105701765167	1.0	0.108218520377	-0.352347566372	-0.285796887466	-0.445072743478	0.0561048303867	-0.276358997555	0.267218257069	-0.386745328501	0.716488582781	0.307310198812	0.0963013636209	-0.00191444723611	0.52501350252	-0.380411439801	-0.51322814591	-0.528934110672	-0.0542043578311	0.339038485506	-0.509653440941	-0.47764640112	-0.320566098257	0.175302762711	-0.191355244109	-0.0765522008426	-0.518488937964	0.0136537568349	0.0812925742372	-0.500477216785	-0.00315299003992	-0.439340614435	-0.0878504383751	-0.250481807966	0.525571720058	-0.00559179444328	-0.0871813132182	0.0452948916115	-0.568559137933	-0.236846728086	-0.602954418251	0.36712017665	0.331312629671	0.210153229078	0.784194602499	-0.184350702288	0.334844292251	-0.244381354982	-0.060535495218	0.0201587418752	-0.115127173498	0.237881264334	-0.468263826184	-0.374880338165	-0.351896565893	-0.53818500936	-0.149784110599	-0.654191405515	-0.307628959875	-0.226891222008	-0.202154361349	0.00810041670719	-0.393783701689	0.121926801217	-0.777141181047	-0.291246330537	-0.141683732159	-0.186806129745	-0.220842883045	-0.474792409567	-0.211476703816	-0.11411922579	-0.548020787789	-0.606935366175	-0.0693621228972	0.142669495604	-0.426718059103	-0.0828505760124	-0.0383866396198	-0.409604939634	0.178916256351	-0.276345379496	-0.0637030721667	-0.129363233392	-0.404177825101	-0.147724460398	-0.329386505629	-0.198537187522	-0.287046541356	-0.211999996883	-0.189888083227	-0.331275016772	-0.345095463066	-0.105586555425	-0.182377483285	0.612964411085	-0.0766322276766	-0.655009794303	-0.0929706249368	-0.156161512054	-0.353892018377	0.0420474562404	0.0552187560712	-0.478188954245	-0.424729985847	-0.116299445623	0.207915803381	-0.231105705901	-0.16296527679	-0.228082030625	-0.125890366655	-0.348088449255	-0.0737115272277	0.0203086263304	-0.14586968344	0.651373739921	-0.447878476862	-0.0347515662882	-0.178209735227	0.124081189308	-0.118582623894	0.0208736349477	-0.350285768383	0.635935228754	-0.227835664125	-0.27705104937	0.0205013556988	-0.156752317873	-0.562249590942	-0.34012352149	-0.0107443873486	0.0233520446578	-0.230316391765	-0.336073720981	-0.0114360716449	-0.40618576838	-0.243712181039	0.0416878967927	-0.0963161818485	-0.122937883653	-0.188340184387	-0.105435668455	0.127635892583	-0.0982870354165	0.0351696045073	0.266160316074
indie	-0.407893991861	0.108218520377	1.0	0.308424031701	0.227783914362	-0.195663109452	0.505915571192	0.759017690954	0.399355533782	-0.161715204212	0.0611097826516	0.792284493373	0.0572792880974	0.0276102519132	0.412509195979	-0.104948848189	-0.568173364062	0.111730403931	-0.0983033302247	0.199320200768	-0.138716267329	-0.715735522543	-0.0994938898181	0.163601356757	0.126431859505	-0.164385263184	0.317655797182	0.227140454907	-0.23072047017	-0.740012590033	0.277393390644	-0.494343878736	0.192295560096	0.202674043643	0.401842879841	-0.259029217763	0.103029705238	0.571067423429	-0.283572823974	-0.213173683712	-0.0252977177282	0.0121389804783	0.122911995454	0.0263576802189	0.296597596458	-0.265799888025	0.0918519081536	-0.556060087092	-0.0376672274939	0.232782293032	0.502647951133	-0.336551104319	0.125226866388	-0.561865384452	-0.181953448452	-0.530044916797	-0.270771811512	-0.420007736193	-0.427255882625	-0.510948256581	-0.467341195299	-0.407582421164	0.0611950137812	-0.152682215095	-0.222704752142	-0.164354486887	-0.213245218745	-0.434340874263	-0.468120424099	-0.508078254842	-0.512904763541	-0.150798167165	-0.0668342655412	-0.239567505916	-0.0373907235658	-0.24094921582	-0.50458216729	-0.393483164455	-0.10426743899	-0.0149535034241	-0.0434298865587	-0.575006520983	-0.168955000601	-0.216754866568	-0.464961954395	-0.00241817733961	-0.120645778387	0.395127436874	0.205526725988	-0.523044945286	-0.268576580992	0.0453199134012	-0.518620559796	-0.343912767893	-0.0723140803343	0.272051398437	-0.267938916701	-0.374525407679	0.0623053796264	0.0167534921022	-0.477065102722	0.24470811504	0.110771303302	0.0266748715289	-0.342536332155	-0.436700909288	0.101583572046	-0.259066268863	-0.00305921604572	-0.113613324498	-0.605814655854	0.409773554829	-0.0583187656017	-0.202370862501	-0.312738851139	0.31157032975	-0.312064517903	-0.157425378629	-0.606010671765	-0.380304645906	-0.458403311324	-0.314374570474	0.0295193591549	-0.0536740689013	-0.131839790761	-0.302859739471	-0.0990083735175	-0.289534495138	-0.378292792624	-0.423582184592	-0.369215262109	-0.0802874370321	-0.423847593881	-0.206289050074	0.0838385340247	-0.215024288236	0.0458823379736	-0.507793680745	-0.220233061091	-0.0775644428822	-0.254233785632	-0.295091729765	-0.154077903969	-0.0882853816148	-0.222458702874	0.131075034219
electronic	-0.419257177634	-0.352347566372	0.308424031701	1.0	-0.0237597892672	-0.175754402422	0.0785644755637	0.255844851124	0.125062531944	-0.214416563025	-0.0888438451179	0.0727777275846	0.269786335537	0.16990356072	-0.129216609904	0.396925250617	-0.246577887986	0.633625932231	-0.0210509835546	0.328811654265	0.139273133848	-0.171886445211	0.0676034899428	0.305116219071	0.226007772681	-0.0258560989366	0.258009854535	-0.135233501207	-0.324375503064	-0.19112959084	0.62917586922	-0.273313463396	0.393722919221	0.547548682725	0.16289349334	-0.296032233862	0.172818538157	0.169979597105	-0.276838521238	0.477584340626	0.0638012035928	-0.376884594832	-0.261542932622	0.205138879377	-0.14438892534	-0.0788130968711	-0.373160234575	-0.0416679811517	0.0670461202254	0.235209504211	-0.0361176999788	0.111392889425	0.706190597303	-0.208528335305	-0.152633490926	-0.0566086129674	-0.265092462271	0.247451493739	-0.113617281944	-0.211614139767	-0.143699697513	-0.407982641236	0.182692719926	-0.323093132327	0.167805881028	0.241897409627	-0.108961119015	-0.170057960297	-0.0906188927734	0.087122997564	-0.0870302740138	0.0839189415298	0.174069582308	0.0298889200329	0.0654824966722	-0.410248680297	0.0685584045109	-0.13184412659	0.0459615559869	0.281153577549	0.176545169117	-0.10173996836	-0.142169518294	-0.149678805246	-0.007353496683	0.140463030553	0.353985298765	0.447732869989	0.264903745529	-0.0234690514758	0.0035417455621	0.235568881964	-0.132213458431	-0.218949015467	-0.210232648461	-0.0394906622496	0.0278354581292	0.207015255264	0.185796170772	0.197509700609	-0.0955026861511	-0.195335103222	0.0336590582083	0.611371808705	-0.0534403091665	-0.204037959918	0.127290072917	-0.255744211558	0.16126555318	0.145478887307	-0.230500855934	0.184948356513	-0.203589928013	-0.247061219488	-0.0227859613367	-0.154903199549	0.130502625126	0.124337449539	-0.457663712413	-0.356335523131	-0.231945958318	-0.260574879059	0.179038391694	-0.0507198105006	0.382413477151	0.0832913104755	-0.152495249257	-0.0691962198451	0.0687396358365	-0.323209910882	-0.109407088207	0.100102422143	0.0362319813402	0.00386741165511	0.0949269386502	0.203611994018	0.121289581196	-0.0996896237793	-0.0806791567812	0.134102935127	-0.193059004012	0.182984565792	-0.123006839819	0.0364353698024	-0.0964209325825	-0.0828060200586
alternative	0.575987371735	-0.285796887466	0.227783914362	-0.0237597892672	1.0	0.235385082652	-0.42993836828	0.628949998807	-0.229041953999	0.841190210811	-0.226872119901	0.0971903878894	-0.30377466999	-0.349783463344	-0.373199876426	-0.336089713525	0.340915749355	-0.154319258473	-0.321528264258	-0.268862784063	-0.265465897935	-0.0154322570845	0.116243721527	-0.389263260518	0.135954857231	0.39722586755	0.274952765574	0.581708356343	0.15863301737	-0.0257663507842	-0.100177760779	-0.0376420014074	0.111971971409	0.206551996734	-0.0125138082618	0.215599978265	-0.235476309955	-0.352388000854	0.443293136012	-0.320237212376	0.322276670194	-0.305200078189	0.512286088528	-0.273058673744	-0.249575569587	0.526956440202	-0.0815095334123	-0.173668322024	-0.352283646512	-0.067803660243	-0.0902170734281	-0.176220392618	-0.0205821724392	-0.228548243282	0.338045820067	0.199423735207	0.446433182171	0.395412296322	0.212826043337	-0.389318037139	-0.408320598495	-0.199709362164	0.315774741692	-0.316727541788	0.206683623281	-0.131902330633	-0.304141839765	-0.38358830067	-0.386636033105	0.325795281375	-0.348006177963	-0.252834727957	0.271645619347	0.209693431089	-0.389229704665	0.14725124927	-0.0361407380417	-0.232951769821	-0.337951801451	-0.0941070026983	-0.077908089392	-0.153786361728	-0.221175008777	-0.233448873205	0.435520790347	-0.404463327797	0.200711112487	0.041525528817	0.115998831448	-0.120767490085	-0.313213123178	0.03283340505	-0.256847373558	0.238256975006	0.491982348541	-0.079788321867	-0.231159032336	0.472477980355	-0.0675825587788	-0.116903359849	-0.412605092739	-0.219430055225	-0.134357882097	-0.0594247028793	0.603281402339	-0.252979614981	-0.163045000706	0.516397812201	-0.39797227294	-0.305149710533	-0.321934441592	0.198423655639	-0.313813478055	0.0792913944364	0.204175334859	-0.10431305226	-0.0434810892108	0.258430852678	0.219077051272	-0.0120108395637	-0.270446709352	-0.362672858664	0.0544390870812	-0.352937215594	0.0337548706753	-0.229420769895	-0.316727417331	-0.414767047778	0.0877904086424	-0.0732984149684	-0.130586601427	-0.283783783743	-0.131567493142	0.0159449480276	0.141509198792	0.304836215838	-0.0259796956507	-0.0462278351986	0.329768833541	-0.0975484208656	0.262337873341	-0.359361997107	-0.378494852878	0.0817387567583	-0.356538518474	0.217784969165
classic rock	0.541358630084	-0.445072743478	-0.195663109452	-0.175754402422	0.235385082652	1.0	-0.159230993109	0.182396109051	-0.161646509718	0.339492516373	-0.215961823691	-0.417862184103	-0.26455229603	-0.220112797977	-0.450958294052	-0.194383182807	0.631667953493	-0.0995082132651	-0.0135475521789	-0.171655702793	0.0823826277272	0.0475764546325	0.336424566618	-0.279870646324	0.307420053624	0.334778720465	0.405678078088	0.226407056973	0.11398328049	0.241240927806	-0.152959826834	0.544187027707	-0.144062593784	-0.0316750648294	-0.230503973113	0.318735188162	0.381841480406	-0.300995629261	0.512812373585	-0.1762640015	0.604577511024	-0.00526046082764	-0.198594596883	0.0224245263685	-0.452903746829	0.410072603466	0.327827573108	0.0623545654754	-0.046457746752	0.145389527362	0.329740234075	-0.183599603227	-0.0765016325948	0.0591091573502	0.761703146631	0.0270766374933	0.335781658252	0.330819376775	0.0186232968385	-0.304004465098	-0.351385059949	-0.0962702508163	0.31224021097	-0.0150735915249	0.548412523097	-0.122780062098	-0.131655424733	-0.202561511326	-0.381783284546	0.187750821677	-0.336668880693	0.0649481148134	0.396817367243	0.580752809337	-0.0742267989942	0.0908376771494	-0.189980252075	-0.00579222999361	-0.0668798976566	0.13949001709	-0.145038013701	-0.116666984401	0.0244558364353	-0.00256727426589	0.25748434045	-0.041163536203	0.0816272831248	0.042627326987	0.139488083051	0.160812019039	-0.117147677937	0.261274491129	-0.174972197145	0.553609901627	0.455476367159	-0.36790328997	-0.0294374419373	0.383428127173	-0.0255230532012	0.00199392162725	-0.209801774414	0.200422599496	0.234452677405	0.0212979160062	0.48699994478	-0.119037442408	-0.0876233951422	0.0244174350661	-0.0818216245009	-0.137272815815	-0.230166074291	0.249920944787	0.397417258731	0.252535192632	-0.192624465132	-0.427933371644	0.150025107414	-0.0523901477163	0.440458942116	0.115742289508	-0.0622004814683	0.0203661099881	0.268546547306	-0.346782448639	-0.177734892703	-0.0741788923888	-0.0514385180925	-0.384160696414	0.192773433122	0.537637034127	0.0625618713315	-0.146724827398	0.0666111637157	0.207979319773	0.293141457456	0.054287047371	0.163441235017	-0.0954690799214	-0.0691443170995	-0.0434841776647	0.0920071666708	-0.187298426961	-0.079016127179	0.112647365604	-0.0934805878347	-0.167190678721
folk	-0.677920159427	0.0561048303867	0.505915571192	0.0785644755637	-0.42993836828	-0.159230993109	1.0	0.0520789863813	0.556388588611	-0.555856576259	-0.167365619253	0.407014563092	0.0682413434467	0.420977202188	0.690832380219	0.361953575854	-0.499519536722	0.205717317327	0.303501059778	0.0445582143381	0.441520238875	-0.342821916433	-0.25686884561	0.188889184464	0.0770824067057	-0.541299394485	0.0631416217958	-0.304925716183	-0.506336942865	-0.360943361516	-0.105663612779	-0.116201688271	-0.246222344841	0.01994194212	-0.127545810125	-0.480826184499	0.341497842424	0.928210565202	-0.356737815154	0.0456320072593	-0.0940015023532	0.400022949825	-0.346196879543	-0.0857839925053	0.218739492576	-0.604431632682	0.224662622696	-0.341638426156	0.420962082713	0.260104188133	0.749116614412	-0.26740186843	0.16472095124	-0.0651540108544	-0.282777208506	-0.290948438676	-0.612082874733	-0.475753262207	-0.282804049371	0.0452601357483	0.103045272901	-0.224563424578	-0.330597538286	0.261005148401	0.0410736850077	0.0824904027273	0.178833738442	0.0401630244401	0.0566394155305	-0.517439923724	0.000604868624844	0.241128050274	-0.121807459759	-0.138027395357	0.454682515228	-0.484567226784	-0.229004585433	0.0322795317353	0.365472645219	0.129551548433	-0.202648532819	-0.186964423223	0.150065390685	0.151878745709	-0.594849495367	0.457891455465	-0.201480619709	0.314005421019	-0.0602806419535	-0.400875400026	0.16437054061	-0.123188537562	0.013731389946	-0.366936830104	-0.337334487643	0.293988162911	0.121290275503	-0.495242154957	0.0639249583995	0.102473417341	0.149790198116	0.485774405331	0.293026834116	0.186230218945	-0.54347072533	-0.127843955622	0.227671348038	-0.41918662642	0.480710185327	0.295366497711	-0.0998082308013	0.349250891405	0.357743221307	-0.224638905769	-0.28918329954	0.206226918441	-0.116856161917	-0.361542527127	-0.533522026214	-0.29626623787	-0.102697074302	0.119816122625	0.0551774031813	0.00543049181004	-0.082139060124	0.0356669669318	0.266482737451	0.22914835298	-0.203929001724	-0.0699391698344	-0.0595123474752	0.289345817563	-0.270293287256	-0.0836632405195	-0.293528214834	-0.264964030835	0.104514321367	-0.226947344194	-0.360647691124	-0.0041534057607	-0.181438876738	-0.0330367038004	0.2164344707	-0.168709509715	0.168725761373	-0.107567510258
indie rock	0.0737707161317	-0.276358997555	0.759017690954	0.255844851124	0.628949998807	0.182396109051	0.0520789863813	1.0	0.119934732114	0.293818463176	-0.158836741324	0.540332017442	-0.108495431441	-0.163070557837	-0.207426539106	-0.228278581621	-0.1584479738	0.154893260243	-0.274057970436	-0.0991566948772	-0.114290453605	-0.456468438478	0.253655815933	-0.071492571364	0.302978585638	0.11090844581	0.624117587346	0.53293898904	0.0340825968006	-0.448855800622	0.145010210221	-0.26339112983	0.299655672173	0.30080252859	0.171617692332	0.0371784903505	0.0860251852205	0.141599924332	0.186533320702	-0.267442471986	0.357090305063	-0.253474588241	0.112880153594	-0.144780035672	-0.0797526349333	0.125857224087	-0.0909400422742	-0.483162609876	-0.276615110338	0.161882638376	0.360314023645	-0.447402537142	0.092364634092	-0.493171069565	0.26650648078	-0.241112590801	0.161768177109	-0.00313314072031	-0.280218098106	-0.515001484502	-0.508871302828	-0.338653738025	0.452632455515	-0.382597775702	0.0734154902516	-0.184183040009	-0.313381053329	-0.473313210025	-0.494875968822	-0.165471701881	-0.484664853373	-0.244414472344	0.230697493521	0.130292821391	-0.294810021513	-0.00106429370867	-0.321283889678	-0.444302364271	-0.323543230042	0.059928266094	-0.214692757531	-0.504439622792	-0.244538513511	-0.248691242101	-0.140398075544	-0.236473154263	0.06250326019	0.395400316132	0.4346630346	-0.416809675231	-0.208764700251	0.211034482299	-0.454349293879	-0.00318220871711	0.290058715472	-0.0902609666733	-0.338177704534	0.0803410884267	-0.0134165534706	-0.0677206926573	-0.497783535312	0.0736231033076	0.0231901221655	-0.00945206807153	0.115087415784	-0.417587519176	-0.100462705718	-0.0124085052531	-0.249604253519	-0.123672758054	-0.590558647585	0.490426806273	-0.0735567489188	-0.136120689086	-0.27979531466	-0.0530247521987	-0.125774322978	-0.121997182789	-0.285087024212	-0.285492385046	-0.440394075453	-0.413103611679	0.198818420792	-0.388096747641	-0.0487117858895	-0.332520140032	-0.277438498652	-0.370727920983	-0.0931416340056	-0.218702059809	-0.273662068625	-0.296972346853	-0.376147745875	-0.0556356678949	0.217174874326	0.0176554374391	0.129225397522	-0.427056455631	-0.0821529972488	0.051150154351	-0.163943720809	-0.421249605177	-0.394941091264	-0.0132859068937	-0.386244719167	0.11980137468
soul	-0.488271627244	0.267218257069	0.399355533782	0.125062531944	-0.229041953999	-0.161646509718	0.556388588611	0.119934732114	1.0	-0.479167086442	0.167082758055	0.467771324824	0.182114445724	0.500732110914	0.355365811975	0.0673554295137	-0.596541561547	-0.0445673025331	-0.011059169174	0.0581027564619	0.345845803332	-0.526223014944	-0.0568277593402	0.306937023468	0.5497443729	-0.551372297395	0.0178662784493	0.0500662816302	-0.339520445495	-0.571265186871	-0.140427885159	-0.356057152145	-0.114450093596	0.352702566048	-0.0706945996908	-0.167894656341	0.476350950479	0.610910487964	-0.450667284018	-0.152683889199	-0.164025284711	0.274528841089	-0.24448896737	-0.182189020708	0.602467633152	-0.481112409905	0.0810396051047	-0.648883745713	0.0813734138304	0.551592995513	0.398735939514	-0.279330079034	0.185844532358	-0.34231736943	-0.0503570484647	-0.391413309349	-0.365285119725	-0.395843936708	-0.436468328569	-0.212584753986	-0.149647332277	-0.292595244592	-0.171527083407	-0.147195205214	-0.0742708764637	-0.285287560961	-0.0783090152375	-0.178580774394	-0.136927453274	-0.461426688786	-0.153881327384	-0.00837045090793	-0.0972751830991	-0.197595613405	0.0880937675143	-0.343440468015	-0.289039211862	-0.186511574779	0.0437713980891	-0.0478039703795	-0.408710467249	-0.33528825553	-0.09594684944	-0.0874878658845	-0.662071374557	0.0995383325606	0.0374224150157	0.397946852258	-0.0916332608768	-0.677131140066	0.136692437772	-0.320221809853	-0.236430812882	-0.243532574442	-0.0988752829904	0.355613503029	-0.111202874348	-0.420669556329	0.131473648939	0.096800171612	-0.163570174287	0.288177476887	0.402553665467	0.135829034691	-0.346319266311	-0.266514424252	0.548539125655	-0.424687508893	0.130623198421	0.218088030473	-0.24279806945	0.157808399194	0.0437804500549	-0.396141693781	-0.433274559952	0.37239299212	-0.245611487233	-0.502083297795	-0.510915106129	-0.253645516765	-0.24822862618	-0.177394732515	-0.00612849237298	-0.141974784648	0.00509829074187	-0.156094117661	-0.0524750165635	0.0175520068086	-0.337820439548	-0.309940059161	-0.0592039905142	0.132076480193	-0.462491386566	-0.118022359525	-0.32771474181	-0.310830551672	0.167975412443	-0.271051537927	-0.245511256253	0.276292336802	-0.286873830234	-0.33117305573	-0.123938191853	-0.23912212976	-0.0314323370041	0.102781009286
alternative rock	0.679480448815	-0.386745328501	-0.161715204212	-0.214416563025	0.841190210811	0.339492516373	-0.555856576259	0.293818463176	-0.479167086442	1.0	-0.23549554897	-0.193214654352	-0.241497188335	-0.534866660833	-0.436882225418	-0.313255167306	0.710912986305	-0.28259335768	-0.278372715239	-0.212005086812	-0.239293930669	0.409606212592	0.0496511027768	-0.386654215724	-0.135085004448	0.415403730698	0.0376292532741	0.38185075537	0.272744474954	0.397056931169	-0.176010853008	0.169794217699	-0.0322511573824	0.118803924598	-0.17271301685	0.345227223306	-0.328784098855	-0.466540413487	0.691444104633	-0.290533387526	0.255540224302	-0.284368559129	0.518760817993	-0.290567979244	-0.408159844532	0.567330429558	-0.0244756338199	0.167608469218	-0.307734390083	-0.228304424724	-0.224783577298	0.0133138778763	-0.164321198978	0.0633806246306	0.315421256864	0.554814470118	0.500611835244	0.528363622507	0.549985106172	-0.0709482403268	-0.107984635546	0.0183646258572	0.137201562115	-0.151232099569	0.311913676571	-0.134960977258	-0.158163957474	-0.168511430485	-0.120700134333	0.577057304953	-0.064418194301	-0.1882030665	0.268106264667	0.192006728956	-0.327286054173	0.285675513613	0.167634924038	-0.107921924737	-0.28973917606	-0.242293830913	0.0070311729295	0.127440097846	-0.15655543717	-0.123953568132	0.728699487733	-0.371682048391	0.0595209287479	-0.276409378965	-0.0984586217859	0.166323070803	-0.171265519271	-0.0982803442132	0.0947106058349	0.270350012265	0.470091694573	-0.332671900467	-0.192110943077	0.600803768304	-0.127610222191	-0.164133118203	-0.12237738623	-0.247585896245	-0.200532766658	-0.173161281608	0.743394200774	-0.0254005511057	-0.406039055749	0.809397538552	-0.354422315969	-0.398832136891	0.00216645582925	-0.0464221942204	-0.242388178211	0.231336127587	0.459175107334	-0.20988458191	0.071548322058	0.332009890165	0.591342469879	0.177789248769	-0.0269646770558	-0.203779882491	-0.148736377878	-0.378305680294	0.122466243894	-0.145202523428	-0.263604863375	-0.214826711209	0.260935974138	0.0859322543086	-0.14826339581	-0.364588696312	0.0823598079813	0.0631655319781	0.086125720651	0.242972682463	-0.173576840236	0.00973202256939	0.482513807993	-0.232839643877	0.434617596538	-0.185030437161	-0.291414567271	0.105702013466	-0.262761572696	0.175139880487
dance	-0.000715206805294	0.716488582781	0.0611097826516	-0.0888438451179	-0.226872119901	-0.215961823691	-0.167365619253	-0.158836741324	0.167082758055	-0.23549554897	1.0	0.210652686604	0.287423974077	-0.283374725537	0.210636949418	-0.53546185923	-0.28468082764	-0.565242875514	-0.195284502443	0.693489184645	-0.595654124035	-0.409839602582	-0.172730359179	0.336054764199	-0.165372468548	0.0133537147313	-0.44144209487	0.0620038760985	0.271952035426	-0.386273078302	0.352948007293	-0.464530405737	0.0958478682756	-0.0236021692872	0.713877355212	0.285421142817	-0.0297273231821	-0.140576153912	-0.382050245148	-0.252506675694	-0.487682268512	0.104518815308	0.223376871658	0.340207576238	0.617628521345	-0.0319797763012	0.249862218309	-0.16960043966	-0.225722145066	0.0629257956431	-0.192321035483	0.339455401193	-0.369298874029	-0.459514873981	-0.199475734096	-0.462869996348	0.0669011089439	-0.454485622703	-0.311012697717	-0.360311544369	-0.316361916511	0.0244256439998	-0.265820189742	-0.0591296271578	-0.633859811828	-0.512965898104	-0.138834998314	-0.272016508228	-0.3232713789	-0.259883989917	-0.295043857186	-0.176648959513	-0.389211904306	-0.570642150905	-0.244488600521	0.303041945352	-0.476991964941	-0.249054121592	-0.246499807501	-0.533838422087	0.241325594924	-0.302895612243	-0.15170578203	-0.267165709304	-0.20829742962	-0.281322388226	-0.32305289583	-0.258297471786	-0.319277076966	-0.124629086257	-0.210310015411	-0.288644102444	-0.427965421104	-0.0725671520168	-0.0276926658558	0.374274271008	-0.224736398644	-0.433325804149	-0.0638957793928	-0.135919730245	-0.482772817732	0.0013706593671	0.144554827199	-0.430508287051	-0.218104623313	-0.116534073286	0.0449659580965	-0.177510728134	-0.297290166906	-0.466157671251	-0.197317221917	-0.398710337944	-0.134892610851	-0.0191505232493	-0.152717296287	0.449915988838	-0.431542711338	-0.0538512581018	-0.0866845156086	0.180634959661	-0.136491101003	-0.11861994852	-0.469040204113	0.345078835173	-0.0789412304287	-0.343459859358	-0.145266097244	-0.323728663497	-0.509789125354	-0.409250125074	-0.25937521776	-0.178157539762	-0.159727133818	-0.360554213752	0.167938012273	-0.460614878786	-0.186612284354	-0.200511273219	-0.00265969678198	-0.241603244702	-0.316315867088	-0.112540229943	-0.0415255025341	-0.0611959208998	-0.0686264345859	0.292873632735
indie pop	-0.434321815785	0.307310198812	0.792284493373	0.0727777275846	0.0971903878894	-0.417862184103	0.407014563092	0.540332017442	0.467771324824	-0.193214654352	0.210652686604	1.0	0.176172634389	0.050840308599	0.376225298582	-0.130751621266	-0.637222882241	-0.0878836529881	-0.131007766154	0.116535633315	-0.103654620822	-0.562058696325	-0.170603902249	0.264213087949	0.0231747264209	-0.415369552315	0.114420822563	0.0959195850446	-0.0191128181903	-0.649933267707	0.0305544022138	-0.54485900629	0.201875699582	0.252275382615	0.319517457434	-0.123072193787	-0.0721758285309	0.545455927469	-0.265245351481	-0.412659786861	-0.238359558455	0.123808883405	0.178716090285	-0.283031342601	0.508793158425	-0.395173995432	-0.00101630828036	-0.657498482637	-0.105094392205	0.196243002692	0.336923912924	-0.278866142646	-0.0796309335115	-0.490811735322	-0.290914511921	-0.399500733496	-0.185471656698	-0.53768622851	-0.390271114818	-0.234518351916	-0.206510658056	-0.178155497105	-0.106341596005	-0.117004699707	-0.447285753629	-0.309309615627	-0.103647972299	-0.290861834395	-0.218945623272	-0.517712079693	-0.236940579577	-0.161953197805	-0.300153661012	-0.415678267344	-0.090967741971	-0.00160983330989	-0.37028977046	-0.368845887797	-0.161473007603	-0.226131677869	-0.300505242711	-0.469738388532	-0.160783818248	-0.153783941251	-0.594746293959	-0.0771170600433	-0.283203657532	0.298840168761	0.077222175033	-0.688881373679	-0.0951932847064	-0.285010275939	-0.295501824968	-0.429794635952	-0.0490353839847	0.336285897494	-0.281353455247	-0.481989547947	0.020708628049	-0.0647003148069	-0.283152989636	0.261656120059	0.152268388354	-0.244606579023	-0.426089451846	-0.312626660342	0.0105261641019	-0.130402256477	-0.0761850399357	-0.0621052768828	-0.377081898473	0.204582086514	-0.0931273517426	-0.293302524928	-0.300529184925	0.505156169099	-0.371745323047	-0.379301556457	-0.466792704558	-0.185378033016	-0.350114068183	-0.246560545519	-0.219004601566	-0.148886125198	-0.0300193178023	-0.333937054617	-0.0932077762421	-0.0287233171779	-0.372297123189	-0.463489585216	-0.322305667106	-0.129703279201	-0.584287221946	-0.28764764205	-0.308030746638	-0.352020205069	-0.0449410527532	-0.468983302933	-0.156107485373	-0.0105091072467	-0.24221716375	-0.385056646654	-0.181091886607	-0.252370307767	-0.164959380834	0.26315071303
rap	-0.327129959266	0.0963013636209	0.0572792880974	0.269786335537	-0.30377466999	-0.26455229603	0.0682413434467	-0.108495431441	0.182114445724	-0.241497188335	0.287423974077	0.176172634389	1.0	-0.112009005125	0.11702614861	-0.0848898845975	-0.213720986056	0.114656218138	-0.311482354209	0.352385848177	-0.0484616163202	0.00184737679908	-0.133258709328	0.953402196059	-0.111363160449	-0.0512436456649	-0.163596436841	-0.488161996018	-0.187840415721	-0.0521153898907	0.366621945522	-0.307644733096	0.180553366662	0.28504026885	0.234301950293	-0.0152252158425	0.0626129021979	0.148917030701	-0.16770270745	0.162666074556	-0.28458883336	0.00503887853437	0.127866826097	0.17832242715	0.271746739088	-0.0923000740618	-0.0517074509391	0.116030152126	-0.246652212183	-0.0181161623671	-0.0646085015011	0.14436511537	0.0483820352349	-0.139077281084	-0.36217593682	0.0281091548481	-0.332029168188	-0.136680337479	0.076640716631	0.093142092892	0.162160849948	-0.185544802305	-0.213076013442	-0.237496958057	-0.239383578294	-0.227427397019	0.0444278893676	-0.0893810052725	0.103261069378	-0.021735236027	0.165690679023	-0.176960891131	-0.162112621024	-0.32653373093	-0.220335954521	-0.209181240667	0.018467135889	-0.274819335779	-0.253772370782	-0.224461176535	0.247599534229	-0.0725405319754	-0.350943814823	-0.149028169226	-0.0740494800773	-0.236009129055	-0.327782704579	0.0587662668342	0.0291250420758	0.0132596488039	0.173945911886	-0.120349824071	0.125377691449	-0.286804881904	-0.31864474648	-0.0490433358223	-0.278018536191	-0.154366966347	0.0693368967955	0.0408179219045	0.055795237841	0.0391002437849	0.173332075891	-0.0735983203602	-0.207764588496	-0.0412058765589	-0.173801631516	-0.028620145367	-0.209880754851	-0.0654876223324	0.0833862304176	-0.176869703074	-0.0133700801827	0.0534678652512	0.10912677773	0.182251931175	-0.129203720205	0.133022537618	-0.161254684327	0.0608124400126	0.0255998096225	-0.252802064021	-0.333536758166	0.0898001730303	0.198817695567	-0.169984149611	-0.320127316252	0.181427519978	-0.111863459188	-0.308975908566	-0.134714162731	-0.168465664664	0.0802533503861	-0.0964643523056	-0.110180391535	-0.185511624691	-0.144424437208	-0.229088111764	0.0451549342201	-0.0741720235628	-0.120479957413	0.0517453593199	-0.160503418068	0.0325838308405	-0.136214504588	0.0641949970029
jazz	-0.394243071604	-0.00191444723611	0.0276102519132	0.16990356072	-0.349783463344	-0.220112797977	0.420977202188	-0.163070557837	0.500732110914	-0.534866660833	-0.283374725537	0.050840308599	-0.112009005125	1.0	0.131616849225	0.448973403691	-0.439301232442	0.367533673748	0.272092947601	-0.3309190856	0.620536343825	-0.192461232347	-0.0150917106716	-0.0207424695881	0.517782995407	-0.448325732481	0.231002995805	-0.175229300939	-0.262792223925	-0.187390419338	-0.255286675715	0.0276599394639	-0.195957391085	0.0494429223208	-0.382250475458	-0.238565119918	0.254642937311	0.342021466553	-0.319111316921	0.183039415132	0.152135037774	0.00362504031314	-0.503236034665	-0.209026416404	0.236033042816	-0.418902505088	-0.211858588731	-0.286785980206	0.258489190081	0.401651604155	0.191281765145	-0.234424275856	0.478585795456	0.0926189494778	-0.0585330296914	-0.196760577474	-0.284196436478	-0.104076783209	-0.341430670521	0.0826976617638	0.0714699707791	-0.103071839315	0.0490752788026	0.0606012088785	0.122912322326	0.276540575174	0.184983427326	0.116165561945	0.120608244568	-0.294994285614	0.099969899661	0.164836745577	0.0699626673949	0.0928379349991	0.263225430763	-0.287867105141	0.0528234873123	0.0461173738715	0.253610721411	0.54114215446	-0.387285996298	-0.033364659054	0.179952199249	0.34947374121	-0.470430012686	0.342117841434	0.517948943473	0.414590849113	0.176468844643	-0.273678438294	0.169199036112	0.0466884745829	0.0203000543376	-0.0729016823325	-0.138163837608	0.276253086414	0.216516064491	-0.162706512208	0.165072523119	0.220563865933	0.200891733943	0.0115862475358	0.119879506684	0.531591707151	-0.322514918447	-0.0696949191913	0.695651395943	-0.528814214939	0.347739263218	0.773004802809	0.0015908941825	0.359595554152	-0.0503198868608	-0.327447844503	-0.368809760538	0.0774425490496	0.0905462376945	-0.341168997636	-0.389626847028	-0.215466398632	-0.0737674831692	0.0492178003387	0.348416271316	0.0225733754472	-0.110100600365	0.24373911935	0.251108321363	0.219054199897	-0.0198926273242	0.0582393820032	0.353694720827	0.668412245771	-0.145249403898	0.182912991947	-0.359391903294	0.134723506277	0.454847520405	0.140736485259	-0.203776462921	0.608475366194	-0.195892197706	-0.0815301323507	-0.0129096874583	-0.200228930868	0.129542858448	-0.199048400829
acoustic	-0.559011231751	0.52501350252	0.412509195979	-0.129216609904	-0.373199876426	-0.450958294052	0.690832380219	-0.207426539106	0.355365811975	-0.436882225418	0.210636949418	0.376225298582	0.11702614861	0.131616849225	1.0	0.0842081441301	-0.494152660369	-0.176788915454	0.204223765145	0.339587770898	-0.0951137933479	-0.357127753839	-0.542858295148	0.189598262616	-0.33782123982	-0.320307463025	-0.446796200863	-0.310915712833	-0.394720197922	-0.419077710754	0.0279528790316	-0.305585817105	-0.251714191702	-0.209485979984	0.275449511448	-0.455185165702	0.0193642192267	0.65807908587	-0.544475661258	-0.0505757538806	-0.531908767009	0.479732239873	0.234548737896	0.196265774782	0.51494787935	-0.498311069931	0.433495557712	-0.137764199111	0.322658189727	0.0473701282801	0.311812549843	0.125416309929	-0.135270622092	-0.105097778288	-0.635680748855	-0.348851062685	-0.564630408241	-0.628561403017	-0.107891275127	-0.00789044498277	0.0414785325488	-0.0847048195154	-0.596547135498	0.386389847001	-0.380420351925	0.0163778888609	0.149712394939	0.0412829195405	0.0171341406873	-0.494091972145	-0.0814899737127	0.111310855671	-0.444814236896	-0.510624633632	0.358077076655	-0.339253234784	-0.285050118551	0.0948697949662	0.306130019626	-0.219789565464	0.27022596151	-0.110231283984	0.0949340941864	0.00602046135015	-0.376028810515	0.26952740396	-0.3834558885	-0.11968526669	-0.392172038509	-0.175734837236	-0.0997535117794	-0.287973486589	-0.0967330600948	-0.426758123223	-0.466452749613	0.473352059719	0.0588795381331	-0.64919603189	-0.0401285062297	-0.0217112481487	-0.000135609152026	0.318016823925	0.0866466659207	-0.105060834008	-0.619934539432	-0.0379102333019	0.165215272831	-0.142399299599	0.294014473723	-0.0878725541198	-0.0512816067779	-0.0917609044869	0.0982345209863	0.000301070437682	0.0687927588302	0.516903895209	-0.304340718539	0.0163611468092	-0.390840277021	-0.160685518713	-0.0351186113342	0.168088799688	-0.297574488461	0.435151625917	-0.185726621841	-0.0293754749575	0.223296750789	0.0925266824258	-0.429213353183	-0.263466988284	-0.16618574878	0.210679437847	-0.126058440964	-0.275842511904	-0.137600808034	-0.328114331207	-0.214095367286	-0.115010566396	-0.0797247840537	-0.290313935169	0.0035723606283	0.149266847944	0.375341405196	-0.0753081056078	0.217599154545	0.112745627446
ambient	-0.58085652679	-0.380411439801	-0.104948848189	0.396925250617	-0.336089713525	-0.194383182807	0.361953575854	-0.228278581621	0.0673554295137	-0.313255167306	-0.53546185923	-0.130751621266	-0.0848898845975	0.448973403691	0.0842081441301	1.0	-0.0836862948019	0.630383299425	0.651467939911	-0.279692126374	0.53488545567	0.270349437366	-0.196372921227	-0.0783365426973	-0.054942042721	-0.475522828321	0.107335649838	-0.309032191997	-0.474602051674	0.208138673776	-0.208578783597	0.345659379552	-0.203273948647	0.23919911156	-0.55641371962	-0.554104374198	0.0571483966256	0.347076513253	-0.223263628915	0.36817779177	0.0965222611607	0.203641000302	-0.44129052448	-0.289241648822	-0.193166907324	-0.412565186266	-0.32506208574	0.0658848415677	0.752381688007	0.159429104452	0.00341164241172	0.149417777564	0.554907870691	0.506660079674	-0.16895999704	0.234566948012	-0.464536073822	0.293441234286	0.0722086387913	0.380417978471	0.407673976263	0.0300810635675	-0.110343752612	0.394341928693	0.345201765149	0.774636341831	0.354456488478	0.47669230547	0.468905532863	0.131678035687	0.360824771981	0.637025743016	0.0970313241988	0.345544418602	0.775565943586	-0.492654961701	0.469515031012	0.608378854989	0.759495240408	0.546293700565	-0.238914646059	0.459104636783	0.449273378597	0.243857870644	-0.0710201041421	0.790571665955	0.198979616414	0.33839055995	0.128023756232	-0.0196753989938	0.23124378839	0.0476521125789	0.373705511208	-0.277245556033	-0.324162162589	-0.0880333977517	0.655177351245	0.237118467719	0.0185446142378	0.117134338058	0.563986551729	0.144926646014	-0.0407741042197	0.5003515782	-0.233990324588	0.264041389136	0.0792734226806	-0.141412428263	0.808622333521	0.42348357428	0.348827359126	0.116395213538	0.183146472628	-0.341846484897	0.0392053749883	-0.14775681718	0.41607257027	-0.184545396108	-0.223398879644	-0.232892938286	0.250371847979	0.453381407802	0.312588845276	-0.140914353993	0.162177292768	0.593041812625	0.50550594269	0.361156999305	0.370578954665	0.287415043911	0.0532591038363	0.445246098614	0.0122013290523	0.222357891444	-0.405520182795	0.307408828393	0.278315139824	0.314679351151	-0.0168902538896	0.0734270134435	0.0263806248943	0.317124294572	0.435824990395	-0.122947579935	0.442431637705	-0.174300074887
