	rock	pop	indie	electronic	alternative	classic rock	folk	indie rock	soul	alternative rock	dance	indie pop	rap	jazz	acoustic	ambient	hard rock	experimental	classical	house	blues	metal	new wave	hip hop	funk	punk	psychedelic	britpop	latin	heavy metal	electro	progressive rock	synthpop	dubstep	electropop	reggae	oldies	indie folk	grunge	techno	psychedelic rock	country	emo	disco	rnb	punk rock	soft rock	thrash metal	contemporary classical	swing	folk rock	trance	trip hop	progressive metal	glam rock	alternative metal	ska	industrial	metalcore	death metal	melodic death metal	black metal	post punk	romantic	blues rock	post rock	world music	doom metal	gothic metal	industrial metal	power metal	soundtracks	stoner rock	art rock	modern classical	brutal death metal	gothic rock	new age	neoclassical	avant garde	screamo	symphonic metal	baroque	fusion	nu metal	minimalism	acid jazz	art pop	noise	speed metal	rockabilly	experimental rock	groove metal	rock n roll	funk rock	alternative pop	orchestral	industrial rock	chanson francaise	chanson	progressive death metal	bluegrass	gospel	nu jazz	crossover	folk metal	smooth jazz	post grunge	minimalist	jazz fusion	melodic metal	psychedelic folk	country rock	hardcore punk	christian rock	a cappella	sludge	post hardcore	glam metal	grindcore	viking metal	opera	krautrock	ballads	dnb	neofolk	classical music	technical death metal	sludge metal	prog rock	jazz rock	contemporary jazz	trash metal	stoner metal	british rock	avantgarde	classical guitar	symphonic	modern rock	jazz funk	mathcore	post metal	electroacoustic	folk punk	choral	crust punk
rock	1.0	-0.10570176516674278	-0.40789399186133607	-0.41925717763414033	0.5759873717348125	0.5413586300836843	-0.677920159427027	0.07377071613171705	-0.48827162724427986	0.6794804488146521	-0.0007152068052940672	-0.4343218157853133	-0.3271299592655028	-0.39424307160391825	-0.5590112317513752	-0.5808565267895688	0.6187965013918907	-0.39439159785706246	-0.4019291714403769	-0.21853852082899167	-0.26961323886637045	0.2270147817125421	0.32899902155065947	-0.41961932250472844	0.10141232479340284	0.6523029600791928	0.059216734454965385	0.4023595560681253	0.4391904695700036	0.32587291080415604	-0.14548793581882494	0.2334809602367755	0.034012590850841365	-0.22341677901821008	-0.035707006394474834	0.5387309094396516	-0.14373411845757547	-0.7209716125625443	0.553904445929991	-0.15233318711795593	0.30123063375799264	-0.2936685452694302	0.30822859141154535	-0.0016925658926637062	-0.34554841643037304	0.7200331529781423	0.12905802331766245	0.16504398609871934	-0.4981099531969377	-0.28003265075083317	-0.20075062591657672	0.015331893222211318	-0.39643626019360007	-0.08463183058655299	0.5509039488185815	0.24849787504731358	0.7130217515902562	0.33898560796122473	0.2485185570863846	-0.1760552106660019	-0.2391218312443266	0.02083621649367173	0.30219238329457654	-0.26146165248947534	0.1935199418028351	-0.2574169595686009	-0.2580500349393756	-0.2750030765603832	-0.26887886161198793	0.35811048370800985	-0.1429843482576287	-0.30539898456877473	0.200982340969858	0.2495877472975017	-0.5349356948378964	0.4495348507437542	0.015530337800399445	-0.17065737166156178	-0.4497166605465683	-0.1838119418360725	0.05459243831891115	-0.06443708683271314	-0.21585435354555096	-0.025889307321186716	0.5181622551653362	-0.5596169093528877	0.1187084790230836	-0.3466113223055252	-0.012514169267563898	0.2613042998830116	-0.10145786737710048	0.12347254711079983	-0.07292526408172273	0.7226202742761082	0.5358615761792317	-0.22448094991226267	-0.2375124298722225	0.38625329619538284	-0.10517948203888203	-0.13484016216365902	-0.2872056040113706	-0.3109046028628095	-0.10071625532601933	-0.2833733102940788	0.6787744758371446	-0.10632861994409343	-0.18577011437066526	0.40389597005734035	-0.580069236552041	-0.21781703975079802	-0.09633619307731002	-0.0944758718329064	-0.10197125512934194	0.36361542439185474	0.1697805620085664	-0.2998213462970676	-0.023027614323978488	0.29808949092344705	0.606035026241793	0.306797058094592	-0.0843260098473218	-0.20696174817435203	0.0215807700042124	-0.05938036170452288	-0.06407851222807272	-0.2530786705349971	-0.34310302970443113	-0.2803929328948174	0.07901388964994432	0.22836606009143237	0.31090792880630097	-0.2929559014069311	0.12334440785010432	0.04310663732186392	0.3239949318204757	0.19322333271432196	-0.10222582948377763	0.18205780823152817	0.22701076828479902	0.01175043418334691	0.23188490750916457	-0.20486215195995702	-0.3012736895683119	0.16575999190159543	-0.2905948275297859	0.06940484366340982
pop	-0.10570176516674278	1.0	0.10821852037740302	-0.35234756637213843	-0.2857968874657829	-0.4450727434782441	0.0561048303866681	-0.27635899755502497	0.2672182570686148	-0.38674532850075755	0.7164885827814176	0.30731019881174365	0.0963013636208773	-0.001914447236112057	0.5250135025202888	-0.3804114398013189	-0.513228145909936	-0.5289341106721552	-0.054204357831087804	0.33903848550611315	-0.5096534409409236	-0.4776464011196516	-0.3205660982565603	0.1753027627110814	-0.1913552441087604	-0.07655220084258406	-0.5184889379635172	0.013653756834861034	0.0812925742371968	-0.5004772167845515	-0.003152990039923501	-0.4393406144353113	-0.08785043837510101	-0.250481807966042	0.5255717200577361	-0.005591794443278266	-0.08718131321820177	0.0452948916115127	-0.5685591379331701	-0.2368467280857464	-0.6029544182505743	0.3671201766500821	0.3313126296711152	0.21015322907764805	0.7841946024990928	-0.18435070228776415	0.33484429225129225	-0.2443813549820375	-0.06053549521796541	0.020158741875237834	-0.11512717349751563	0.23788126433381107	-0.46826382618433776	-0.37488033816501576	-0.351896565892594	-0.5381850093601417	-0.14978411059883526	-0.6541914055150563	-0.30762895987523164	-0.22689122200823772	-0.20215436134938333	0.008100416707185797	-0.3937837016886634	0.12192680121749858	-0.7771411810470772	-0.2912463305367844	-0.14168373215852653	-0.18680612974463154	-0.22084288304527722	-0.47479240956680974	-0.2114767038164195	-0.11411922579047695	-0.5480207877894226	-0.606935366175028	-0.06936212289724077	0.14266949560430775	-0.42671805910269134	-0.08285057601236574	-0.03838663961980816	-0.40960493963366434	0.17891625635069258	-0.2763453794963892	-0.06370307216667949	-0.12936323339174224	-0.40417782510095357	-0.14772446039821865	-0.3293865056291283	-0.19853718752184304	-0.28704654135601826	-0.2119999968833387	-0.18988808322725037	-0.33127501677187904	-0.3450954630658582	-0.10558655542488153	-0.18237748328508355	0.61296441108461	-0.07663222767664317	-0.6550097943034731	-0.09297062493683407	-0.15616151205356002	-0.3538920183774539	0.04204745624044399	0.05521875607115467	-0.4781889542450802	-0.4247299858467003	-0.11629944562288524	0.2079158033810643	-0.23110570590084878	-0.1629652767898073	-0.22808203062547155	-0.12589036665465825	-0.3480884492547053	-0.07371152722774268	0.020308626330357873	-0.14586968343982518	0.6513737399212145	-0.4478784768621431	-0.034751566288157995	-0.17820973522701872	0.12408118930795477	-0.11858262389377305	0.020873634947707755	-0.3502857683833952	0.6359352287540276	-0.2278356641252563	-0.2770510493703841	0.020501355698777188	-0.15675231787287427	-0.5622495909422001	-0.3401235214895917	-0.010744387348564657	0.02335204465778344	-0.23031639176457716	-0.3360737209810449	-0.011436071644928174	-0.4061857683804858	-0.24371218103886377	0.0416878967927215	-0.09631618184851208	-0.12293788365339703	-0.18834018438690003	-0.10543566845506883	0.12763589258341906	-0.09828703541646733	0.03516960450725667	0.26616031607398993
indie	-0.40789399186133607	0.10821852037740302	1.0	0.3084240317012319	0.22778391436171477	-0.19566310945240878	0.5059155711918717	0.7590176909536119	0.3993555337822299	-0.16171520421196947	0.06110978265161821	0.7922844933733	0.0572792880973787	0.027610251913225844	0.41250919597944496	-0.10494884818888511	-0.5681733640624549	0.1117304039313381	-0.09830333022473528	0.19932020076757026	-0.13871626732947673	-0.7157355225431852	-0.09949388981809971	0.16360135675695167	0.1264318595048877	-0.16438526318356436	0.3176557971822432	0.2271404549066174	-0.2307204701704669	-0.7400125900333219	0.2773933906439937	-0.49434387873623725	0.19229556009567444	0.202674043643478	0.40184287984107725	-0.2590292177631157	0.10302970523831313	0.5710674234288121	-0.2835728239740702	-0.21317368371220438	-0.02529771772818048	0.012138980478267693	0.1229119954540932	0.026357680218850866	0.2965975964582686	-0.265799888024822	0.09185190815360739	-0.5560600870920241	-0.037667227493887435	0.23278229303194875	0.5026479511326069	-0.3365511043191535	0.12522686638848352	-0.5618653844523328	-0.1819534484518669	-0.5300449167967021	-0.2707718115121147	-0.42000773619331966	-0.42725588262514913	-0.5109482565814842	-0.4673411952994914	-0.4075824211643839	0.06119501378115088	-0.15268221509457355	-0.22270475214175045	-0.16435448688733548	-0.2132452187450929	-0.4343408742628186	-0.4681204240994355	-0.5080782548421405	-0.5129047635410612	-0.1507981671647231	-0.0668342655412228	-0.23956750591613873	-0.037390723565836774	-0.2409492158204179	-0.5045821672896196	-0.39348316445516324	-0.10426743898954836	-0.014953503424072692	-0.04342988655867864	-0.5750065209834346	-0.16895500060076302	-0.21675486656810938	-0.46496195439511584	-0.0024181773396076012	-0.12064577838685883	0.39512743687434193	0.205526725987709	-0.5230449452860254	-0.26857658099196113	0.04531991340116769	-0.51862055979598	-0.3439127678925322	-0.07231408033430646	0.27205139843709375	-0.2679389167007417	-0.37452540767854164	0.0623053796264139	0.016753492102158703	-0.4770651027218141	0.24470811504004564	0.11077130330210844	0.02667487152892849	-0.3425363321551482	-0.43670090928792643	0.10158357204617945	-0.25906626886300665	-0.003059216045720629	-0.11361332449844454	-0.6058146558542029	0.4097735548285142	-0.05831876560171552	-0.20237086250096945	-0.3127388511388532	0.3115703297495675	-0.312064517902731	-0.15742537862916048	-0.6060106717647386	-0.38030464590637675	-0.4584033113236948	-0.3143745704735807	0.029519359154872794	-0.05367406890131508	-0.1318397907607265	-0.3028597394707692	-0.09900837351746782	-0.2895344951375105	-0.37829279262419574	-0.42358218459226243	-0.36921526210916406	-0.08028743703205515	-0.42384759388100846	-0.20628905007431578	0.08383853402466385	-0.21502428823555864	0.0458823379735906	-0.5077936807449569	-0.22023306109090302	-0.07756444288222003	-0.25423378563240545	-0.29509172976479947	-0.1540779039692041	-0.08828538161481646	-0.22245870287380184	0.1310750342194428
electronic	-0.41925717763414033	-0.35234756637213843	0.3084240317012319	1.0	-0.02375978926720226	-0.175754402421963	0.07856447556374803	0.25584485112389505	0.1250625319435561	-0.21441656302484316	-0.08884384511790064	0.07277772758459539	0.2697863355370487	0.1699035607200514	-0.1292166099035877	0.39692525061735445	-0.24657788798575442	0.6336259322310855	-0.02105098355458458	0.3288116542645318	0.13927313384768755	-0.1718864452110692	0.06760348994277203	0.3051162190710364	0.2260077726805834	-0.0258560989365741	0.2580098545348809	-0.1352335012071249	-0.32437550306369656	-0.19112959084004522	0.6291758692203445	-0.273313463396161	0.39372291922137154	0.5475486827247166	0.1628934933398002	-0.2960322338620844	0.1728185381569434	0.16997959710517094	-0.27683852123843034	0.47758434062562294	0.06380120359279984	-0.3768845948316867	-0.2615429326216038	0.20513887937702643	-0.14438892533972364	-0.0788130968711447	-0.37316023457539516	-0.04166798115165166	0.06704612022542332	0.23520950421121922	-0.03611769997879347	0.11139288942523735	0.7061905973027943	-0.20852833530453027	-0.1526334909262925	-0.05660861296735613	-0.26509246227079786	0.2474514937393484	-0.1136172819440711	-0.21161413976736843	-0.14369969751291448	-0.4079826412361183	0.1826927199255409	-0.32309313232712145	0.16780588102791327	0.24189740962672876	-0.10896111901533845	-0.17005796029691367	-0.09061889277342798	0.08712299756399929	-0.08703027401384275	0.08391894152975438	0.17406958230844716	0.029888920032912686	0.06548249667216742	-0.41024868029698186	0.06855840451085837	-0.13184412659005457	0.04596155598686243	0.2811535775489657	0.17654516911671683	-0.1017399683596071	-0.14216951829410066	-0.14967880524643432	-0.007353496683000698	0.14046303055264328	0.3539852987647097	0.4477328699885896	0.264903745529417	-0.023469051475832853	0.0035417455621016255	0.23556888196369025	-0.13221345843050109	-0.21894901546714207	-0.2102326484608378	-0.03949066224964325	0.027835458129175622	0.20701525526446607	0.1857961707715583	0.19750970060948977	-0.09550268615109092	-0.19533510322218298	0.03365905820834923	0.6113718087048878	-0.05344030916653985	-0.20403795991759363	0.12729007291710753	-0.25574421155838306	0.16126555318040145	0.14547888730704084	-0.23050085593374556	0.18494835651317604	-0.20358992801278733	-0.24706121948847826	-0.02278596133674045	-0.15490319954945433	0.13050262512562588	0.12433744953871448	-0.45766371241347253	-0.35633552313121186	-0.23194595831833834	-0.26057487905867255	0.17903839169426317	-0.05071981050059111	0.38241347715061086	0.08329131047545352	-0.1524952492572739	-0.06919621984508316	0.06873963583650476	-0.3232099108820729	-0.10940708820693479	0.1001024221428786	0.036231981340219314	0.003867411655112603	0.09492693865017819	0.2036119940183869	0.12128958119644596	-0.09968962377930235	-0.08067915678124979	0.13410293512745955	-0.193059004011806	0.1829845657917197	-0.12300683981875186	0.036435369802414644	-0.09642093258245076	-0.0828060200585864
alternative	0.5759873717348125	-0.2857968874657829	0.22778391436171477	-0.02375978926720226	1.0	0.23538508265215996	-0.42993836827960275	0.6289499988065417	-0.2290419539985428	0.8411902108113594	-0.2268721199014454	0.09719038788943628	-0.3037746699897832	-0.3497834633440814	-0.3731998764258166	-0.3360897135248643	0.3409157493549797	-0.15431925847298042	-0.3215282642576669	-0.2688627840628732	-0.26546589793541375	-0.015432257084528365	0.11624372152709694	-0.3892632605175661	0.13595485723109885	0.3972258675498649	0.2749527655735486	0.5817083563429476	0.1586330173704203	-0.025766350784191455	-0.1001777607788501	-0.03764200140740776	0.11197197140944246	0.20655199673433255	-0.01251380826176528	0.21559997826549207	-0.2354763099548098	-0.3523880008536277	0.44329313601202674	-0.3202372123757064	0.32227667019411993	-0.30520007818878014	0.5122860885279088	-0.2730586737437958	-0.24957556958696173	0.5269564402015838	-0.08150953341226727	-0.17366832202375462	-0.3522836465119886	-0.06780366024303285	-0.09021707342812471	-0.1762203926179981	-0.020582172439236365	-0.22854824328192863	0.3380458200669376	0.19942373520697726	0.4464331821711731	0.39541229632243374	0.21282604333747057	-0.38931803713913504	-0.40832059849491636	-0.19970936216419855	0.3157747416916876	-0.3167275417877965	0.2066836232807783	-0.1319023306330902	-0.304141839765048	-0.38358830067030375	-0.38663603310508166	0.3257952813752317	-0.34800617796338124	-0.2528347279569504	0.2716456193465814	0.20969343108914007	-0.38922970466473406	0.1472512492698177	-0.036140738041697686	-0.23295176982104165	-0.3379518014513814	-0.09410700269827353	-0.07790808939204018	-0.1537863617284621	-0.22117500877710405	-0.2334488732054417	0.4355207903465634	-0.4044633277965669	0.2007111124870219	0.04152552881695961	0.11599883144784846	-0.12076749008477246	-0.31321312317768013	0.03283340505001423	-0.2568473735582212	0.23825697500620668	0.49198234854136824	-0.07978832186697381	-0.23115903233603172	0.4724779803553298	-0.06758255877876575	-0.11690335984886854	-0.41260509273938734	-0.21943005522484976	-0.13435788209707764	-0.059424702879276946	0.6032814023390133	-0.25297961498122024	-0.1630450007058882	0.5163978122006806	-0.3979722729396156	-0.30514971053263285	-0.32193444159220097	0.19842365563870804	-0.3138134780545156	0.07929139443638841	0.20417533485936445	-0.10431305226015847	-0.04348108921083048	0.2584308526783129	0.21907705127224808	-0.012010839563654452	-0.27044670935187964	-0.3626728586635657	0.05443908708119669	-0.3529372155944036	0.03375487067529103	-0.22942076989478016	-0.3167274173313971	-0.4147670477779114	0.08779040864239884	-0.07329841496839225	-0.13058660142732956	-0.28378378374347385	-0.13156749314244043	0.015944948027631214	0.14150919879157492	0.3048362158376338	-0.02597969565066606	-0.04622783519862711	0.32976883354056236	-0.09754842086561918	0.2623378733408028	-0.35936199710733274	-0.37849485287799256	0.08173875675827721	-0.3565385184743394	0.21778496916538803
classic rock	0.5413586300836843	-0.4450727434782441	-0.19566310945240878	-0.175754402421963	0.23538508265215996	1.0	-0.1592309931088683	0.18239610905054932	-0.16164650971806296	0.339492516372547	-0.21596182369126962	-0.41786218410295184	-0.26455229603021224	-0.2201127979765771	-0.4509582940518543	-0.19438318280690567	0.6316679534931221	-0.09950821326509049	-0.013547552178892917	-0.17165570279326003	0.0823826277271911	0.04757645463246414	0.3364245666175847	-0.2798706463235057	0.30742005362356356	0.33477872046496654	0.40567807808772643	0.22640705697285926	0.11398328049005688	0.24124092780595216	-0.15295982683404083	0.5441870277067963	-0.1440625937841809	-0.031675064829386826	-0.23050397311313028	0.3187351881623509	0.3818414804057206	-0.3009956292612886	0.5128123735848619	-0.17626400149961988	0.6045775110241779	-0.005260460827644529	-0.19859459688289602	0.022424526368468475	-0.4529037468291788	0.4100726034660463	0.32782757310784544	0.0623545654753729	-0.046457746751957144	0.14538952736179708	0.3297402340749769	-0.18359960322682928	-0.07650163259477367	0.059109157350222694	0.7617031466306627	0.027076637493314758	0.33578165825178213	0.3308193767746798	0.0186232968385345	-0.3040044650977217	-0.35138505994914504	-0.09627025081627928	0.31224021096961646	-0.015073591524924124	0.5484125230968275	-0.12278006209838561	-0.13165542473293412	-0.20256151132582245	-0.38178328454579713	0.1877508216774928	-0.33666888069304496	0.0649481148134328	0.3968173672429396	0.5807528093366737	-0.07422679899423966	0.090837677149399	-0.18998025207467117	-0.005792229993608254	-0.06687989765664035	0.139490017090233	-0.1450380137010081	-0.11666698440098634	0.02445583643525095	-0.002567274265888448	0.25748434044973273	-0.041163536202980064	0.08162728312484287	0.04262732698696663	0.1394880830512408	0.16081201903900372	-0.11714767793660606	0.26127449112931306	-0.17497219714499385	0.5536099016266848	0.45547636715854406	-0.3679032899701019	-0.029437441937319352	0.3834281271727856	-0.025523053201191487	0.0019939216272513876	-0.20980177441437348	0.20042259949564228	0.23445267740504164	0.021297916006178558	0.48699994478018854	-0.11903744240774265	-0.0876233951422404	0.02441743506610245	-0.08182162450088393	-0.13727281581530748	-0.23016607429129296	0.24992094478687707	0.39741725873115136	0.2525351926315203	-0.19262446513227519	-0.4279333716436958	0.15002510741426975	-0.05239014771627278	0.4404589421164006	0.1157422895084652	-0.062200481468339695	0.02036610998814856	0.2685465473056024	-0.34678244863893454	-0.17773489270313292	-0.0741788923887767	-0.05143851809254373	-0.3841606964138168	0.19277343312197873	0.5376370341272212	0.06256187133154859	-0.14672482739831666	0.06661116371570919	0.20797931977330258	0.29314145745583353	0.054287047370964354	0.1634412350167994	-0.09546907992136337	-0.06914431709952397	-0.043484177664728674	0.092007166670796	-0.18729842696074347	-0.07901612717897334	0.11264736560424189	-0.0934805878346697	-0.1671906787214619
folk	-0.677920159427027	0.0561048303866681	0.5059155711918717	0.07856447556374803	-0.42993836827960275	-0.1592309931088683	1.0	0.052078986381322794	0.5563885886108125	-0.555856576259396	-0.16736561925257562	0.40701456309198164	0.06824134344668638	0.4209772021878158	0.6908323802185155	0.3619535758540065	-0.4995195367222859	0.20571731732697524	0.3035010597784649	0.044558214338140056	0.44152023887517783	-0.34282191643259324	-0.2568688456100863	0.18888918446409103	0.07708240670566374	-0.5412993944853582	0.06314162179580299	-0.3049257161830656	-0.506336942864748	-0.3609433615155111	-0.10566361277942667	-0.11620168827113363	-0.24622234484110306	0.019941942120006134	-0.12754581012476138	-0.48082618449948844	0.34149784242432785	0.9282105652021765	-0.35673781515434383	0.04563200725928939	-0.09400150235318303	0.400022949824702	-0.3461968795434573	-0.08578399250530769	0.2187394925764449	-0.6044316326821146	0.22466262269564968	-0.34163842615612455	0.42096208271318425	0.2601041881328416	0.7491166144116675	-0.2674018684299088	0.16472095124008454	-0.06515401085437675	-0.28277720850565125	-0.29094843867612197	-0.6120828747327197	-0.4757532622074865	-0.28280404937109055	0.045260135748263264	0.10304527290057305	-0.22456342457786438	-0.3305975382861741	0.2610051484010847	0.041073685007743374	0.08249040272732325	0.17883373844216788	0.04016302444013507	0.05663941553046203	-0.5174399237241742	0.0006048686248442633	0.24112805027353945	-0.12180745975949123	-0.1380273953565517	0.4546825152276307	-0.4845672267843991	-0.22900458543278426	0.032279531735346124	0.36547264521920003	0.129551548432859	-0.20264853281927528	-0.18696442322265314	0.15006539068461533	0.1518787457086162	-0.5948494953667125	0.45789145546485366	-0.20148061970897288	0.314005421019203	-0.06028064195348456	-0.4008754000256149	0.16437054060956405	-0.12318853756164296	0.013731389946027524	-0.36693683010387423	-0.33733448764262136	0.2939881629110919	0.1212902755033551	-0.4952421549565363	0.06392495839949126	0.10247341734051099	0.14979019811636102	0.48577440533099253	0.29302683411628966	0.18623021894517408	-0.5434707253302126	-0.1278439556222459	0.2276713480378015	-0.419186626419877	0.4807101853267066	0.2953664977112718	-0.09980823080134578	0.34925089140531024	0.3577432213072025	-0.22463890576878554	-0.2891832995404676	0.2062269184411813	-0.11685616191675466	-0.3615425271268365	-0.5335220262138033	-0.2962662378697875	-0.10269707430248377	0.11981612262501107	0.055177403181285445	0.005430491810041341	-0.08213906012397189	0.03566696693180744	0.26648273745131024	0.22914835297967975	-0.2039290017243722	-0.0699391698344226	-0.05951234747517376	0.28934581756259375	-0.27029328725636975	-0.08366324051948333	-0.29352821483410285	-0.264964030835446	0.10451432136726652	-0.2269473441944886	-0.3606476911241788	-0.0041534057607028885	-0.1814388767377955	-0.033036703800425726	0.21643447070003216	-0.16870950971506926	0.16872576137322196	-0.10756751025761817
indie rock	0.07377071613171705	-0.27635899755502497	0.7590176909536119	0.25584485112389505	0.6289499988065417	0.18239610905054932	0.052078986381322794	1.0	0.11993473211392383	0.29381846317568583	-0.15883674132439707	0.5403320174419058	-0.10849543144064734	-0.16307055783678062	-0.20742653910567782	-0.22827858162090883	-0.15844797380045123	0.1548932602427805	-0.2740579704364269	-0.09915669487721208	-0.1142904536052265	-0.45646843847791513	0.25365581593337927	-0.07149257136404077	0.3029785856376693	0.11090844580971551	0.6241175873463369	0.5329389890395659	0.034082596800598115	-0.4488558006216328	0.1450102102210782	-0.2633911298300935	0.29965567217259176	0.30080252858953943	0.1716176923319347	0.03717849035046577	0.08602518522054252	0.14159992433175722	0.18653332070209291	-0.2674424719858817	0.3570903050634667	-0.2534745882413798	0.11288015359421287	-0.14478003567242032	-0.07975263493329533	0.12585722408716432	-0.09094004227420849	-0.4831626098758158	-0.27661511033785313	0.1618826383760361	0.3603140236451065	-0.4474025371421399	0.09236463409201127	-0.4931710695649427	0.26650648077996725	-0.24111259080118091	0.16176817710880548	-0.0031331407203060045	-0.2802180981062958	-0.5150014845023291	-0.5088713028275165	-0.338653738025112	0.45263245551536674	-0.3825977757016652	0.07341549025157731	-0.18418304000867988	-0.31338105332873656	-0.4733132100254098	-0.49487596882184076	-0.16547170188102053	-0.484664853373085	-0.2444144723436077	0.2306974935214049	0.13029282139141965	-0.2948100215132001	-0.0010642937086653506	-0.3212838896777418	-0.4443023642709577	-0.3235432300419248	0.059928266094046195	-0.21469275753132716	-0.5044396227918396	-0.24453851351096184	-0.2486912421013261	-0.14039807554410288	-0.23647315426300675	0.06250326018996095	0.3954003161318041	0.4346630346004974	-0.4168096752309245	-0.20876470025104907	0.2110344822989419	-0.45434929387877904	-0.003182208717109915	0.29005871547150724	-0.0902609666733055	-0.33817770453371815	0.08034108842672777	-0.013416553470554954	-0.06772069265729219	-0.4977835353120926	0.07362310330757259	0.023190122165495982	-0.009452068071531702	0.11508741578358259	-0.41758751917649195	-0.10046270571818272	-0.012408505253084666	-0.24960425351891566	-0.12367275805445377	-0.5905586475850403	0.49042680627268914	-0.07355674891876186	-0.13612068908555017	-0.27979531466048746	-0.05302475219870977	-0.125774322978215	-0.12199718278903628	-0.2850870242122561	-0.28549238504619345	-0.44039407545293197	-0.41310361167947995	0.19881842079153245	-0.3880967476411951	-0.04871178588948051	-0.33252014003230224	-0.277438498652399	-0.37072792098310586	-0.09314163400562611	-0.21870205980865928	-0.2736620686245727	-0.296972346852829	-0.3761477458754919	-0.05563566789488741	0.21717487432558535	0.01765543743912187	0.12922539752217801	-0.4270564556308713	-0.08215299724875345	0.051150154350962804	-0.1639437208094216	-0.42124960517711135	-0.3949410912637951	-0.013285906893659159	-0.3862447191673278	0.11980137468040875
soul	-0.48827162724427986	0.2672182570686148	0.3993555337822299	0.1250625319435561	-0.2290419539985428	-0.16164650971806296	0.5563885886108125	0.11993473211392383	1.0	-0.4791670864419984	0.16708275805517744	0.46777132482367445	0.1821144457235131	0.5007321109135687	0.3553658119747633	0.067355429513701	-0.5965415615468846	-0.044567302533126484	-0.01105916917398883	0.05810275646191163	0.34584580333214626	-0.5262230149444118	-0.05682775934016562	0.3069370234677033	0.5497443728999682	-0.5513722973953957	0.01786627844928827	0.050066281630197884	-0.33952044549530197	-0.5712651868707205	-0.14042788515931812	-0.356057152144504	-0.11445009359616838	0.3527025660481831	-0.07069459969078068	-0.16789465634132597	0.47635095047907344	0.6109104879642364	-0.4506672840182817	-0.15268388919868572	-0.16402528471101385	0.274528841089255	-0.24448896736960246	-0.18218902070836726	0.602467633151567	-0.48111240990546966	0.08103960510467538	-0.6488837457127301	0.08137341383040322	0.5515929955128186	0.3987359395137605	-0.27933007903397034	0.18584453235752846	-0.3423173694301429	-0.05035704846466305	-0.39141330934936713	-0.3652851197250206	-0.39584393670771423	-0.43646832856933876	-0.2125847539861778	-0.14964733227670438	-0.29259524459240077	-0.17152708340675238	-0.14719520521408155	-0.07427087646368846	-0.285287560961398	-0.07830901523747907	-0.17858077439381062	-0.1369274532739792	-0.46142668878605053	-0.15388132738429036	-0.008370450907930082	-0.097275183099089	-0.1975956134047378	0.08809376751430806	-0.34344046801538547	-0.2890392118620851	-0.18651157477943095	0.04377139808911412	-0.047803970379498475	-0.408710467249024	-0.33528825553002556	-0.09594684944004925	-0.08748786588446021	-0.6620713745573547	0.09953833256058002	0.037422415015674004	0.39794685225822374	-0.0916332608767744	-0.6771311400656764	0.13669243777171924	-0.32022180985285376	-0.23643081288179155	-0.24353257444221083	-0.09887528299038618	0.35561350302916267	-0.11120287434802131	-0.4206695563285893	0.13147364893883962	0.09680017161200312	-0.16357017428749945	0.28817747688747275	0.4025536654668254	0.13582903469089122	-0.34631926631133825	-0.26651442425219557	0.5485391256551787	-0.4246875088927535	0.13062319842090853	0.21808803047333206	-0.24279806945022947	0.15780839919422737	0.043780450054875276	-0.3961416937805699	-0.4332745599515464	0.37239299212011023	-0.2456114872332075	-0.5020832977950606	-0.5109151061286908	-0.25364551676494185	-0.2482286261795537	-0.17739473251521212	-0.006128492372978531	-0.14197478464816857	0.005098290741870259	-0.15609411766056924	-0.05247501656345962	0.017552006808552633	-0.33782043954751156	-0.30994005916117745	-0.05920399051424142	0.13207648019262258	-0.46249138656632127	-0.11802235952486981	-0.32771474181040705	-0.3108305516718909	0.16797541244348108	-0.2710515379267092	-0.24551125625252418	0.27629233680239096	-0.2868738302338683	-0.3311730557299956	-0.12393819185348927	-0.2391221297603687	-0.031432337004115705	0.10278100928601906
alternative rock	0.6794804488146521	-0.38674532850075755	-0.16171520421196947	-0.21441656302484316	0.8411902108113594	0.339492516372547	-0.555856576259396	0.29381846317568583	-0.4791670864419984	1.0	-0.23549554896972505	-0.19321465435226073	-0.2414971883350861	-0.5348666608330663	-0.43688222541804117	-0.31325516730579644	0.7109129863049732	-0.28259335768025107	-0.27837271523901064	-0.21200508681187322	-0.2392939306693826	0.4096062125919706	0.0496511027767846	-0.3866542157244976	-0.13508500444801358	0.41540373069808995	0.03762925327409827	0.38185075536962504	0.27274447495419013	0.3970569311693228	-0.17601085300751795	0.1697942176987842	-0.032251157382444426	0.11880392459786662	-0.17271301685035845	0.3452272233055101	-0.32878409885518867	-0.4665404134874685	0.6914441046330413	-0.2905333875259523	0.25554022430150813	-0.2843685591292791	0.5187608179929195	-0.2905679792436724	-0.4081598445316018	0.5673304295575813	-0.024475633819870557	0.16760846921766298	-0.3077343900826912	-0.2283044247241491	-0.22478357729786846	0.013313877876276	-0.16432119897839864	0.06338062463064464	0.3154212568636829	0.5548144701176136	0.5006118352444657	0.528363622506569	0.5499851061718185	-0.07094824032680222	-0.10798463554639619	0.018364625857151505	0.13720156211500475	-0.15123209956915168	0.3119136765712348	-0.1349609772581147	-0.158163957474436	-0.16851143048463305	-0.12070013433310417	0.5770573049528894	-0.06441819430097688	-0.18820306650046806	0.2681062646666059	0.19200672895625195	-0.32728605417250084	0.2856755136126574	0.16763492403839025	-0.1079219247371566	-0.28973917605976957	-0.24229383091335538	0.007031172929501735	0.12744009784633936	-0.15655543717031406	-0.12395356813243755	0.7286994877326635	-0.3716820483907084	0.059520928747898966	-0.276409378965081	-0.09845862178587922	0.16632307080253533	-0.17126551927131325	-0.09828034421321388	0.09471060583485695	0.27035001226477856	0.47009169457322847	-0.33267190046731393	-0.1921109430774623	0.6008037683035143	-0.12761022219077892	-0.16413311820259877	-0.12237738622990363	-0.24758589624529817	-0.20053276665789735	-0.17316128160824537	0.7433942007742455	-0.02540055110569763	-0.4060390557493934	0.809397538552275	-0.3544223159691906	-0.3988321368907643	0.0021664558292461213	-0.0464221942204253	-0.24238817821057268	0.2313361275869741	0.4591751073342174	-0.2098845819097516	0.07154832205802769	0.3320098901654986	0.5913424698785171	0.17778924876943716	-0.026964677055801918	-0.20377988249104576	-0.14873637787799723	-0.3783056802942831	0.12246624389432435	-0.1452025234284073	-0.26360486337486994	-0.21482671120937966	0.26093597413805697	0.08593225430859913	-0.14826339580969014	-0.36458869631242347	0.08235980798125174	0.06316553197808994	0.0861257206509581	0.24297268246333972	-0.17357684023599684	0.00973202256939196	0.48251380799256977	-0.23283964387744854	0.4346175965376249	-0.18503043716120737	-0.2914145672711612	0.10570201346600108	-0.2627615726956769	0.17513988048669937
dance	-0.0007152068052940672	0.7164885827814176	0.06110978265161821	-0.08884384511790064	-0.2268721199014454	-0.21596182369126962	-0.16736561925257562	-0.15883674132439707	0.16708275805517744	-0.23549554896972505	1.0	0.21065268660398087	0.28742397407724335	-0.2833747255366088	0.21063694941753353	-0.5354618592297542	-0.28468082764031344	-0.5652428755135076	-0.19528450244299692	0.6934891846449674	-0.5956541240353461	-0.40983960258244756	-0.1727303591786425	0.3360547641985599	-0.16537246854788196	0.013353714731256586	-0.44144209486995234	0.062003876098496856	0.27195203542587015	-0.38627307830229834	0.352948007293005	-0.464530405737178	0.09584786827560549	-0.02360216928716078	0.7138773552116978	0.28542114281663117	-0.029727323182094985	-0.14057615391228578	-0.38205024514848684	-0.25250667569392643	-0.48768226851239743	0.10451881530796031	0.22337687165849227	0.34020757623785125	0.6176285213447363	-0.031979776301175725	0.24986221830916716	-0.16960043966023253	-0.22572214506612057	0.06292579564307764	-0.19232103548328564	0.3394554011934473	-0.36929887402891315	-0.4595148739810791	-0.19947573409630828	-0.4628699963481379	0.06690110894392924	-0.45448562270316084	-0.31101269771700274	-0.3603115443685702	-0.31636191651144707	0.02442564399984721	-0.26582018974166854	-0.05912962715784914	-0.6338598118276956	-0.5129658981043452	-0.13883499831383797	-0.2720165082278966	-0.3232713788995256	-0.25988398991728756	-0.29504385718603704	-0.17664895951329992	-0.38921190430620406	-0.5706421509047785	-0.24448860052075164	0.30304194535173706	-0.47699196494142004	-0.2490541215918763	-0.24649980750079123	-0.5338384220867456	0.24132559492437025	-0.3028956122425733	-0.1517057820298502	-0.2671657093043408	-0.20829742962027573	-0.2813223882255073	-0.32305289582997354	-0.25829747178568735	-0.3192770769658268	-0.1246290862567114	-0.21031001541148345	-0.28864410244353383	-0.4279654211040184	-0.07256715201679785	-0.02769266585579794	0.37427427100759375	-0.22473639864424527	-0.43332580414927674	-0.06389577939276152	-0.13591973024515303	-0.4827728177316318	0.0013706593670976227	0.14455482719932583	-0.43050828705103167	-0.21810462331330938	-0.11653407328576987	0.0449659580964988	-0.1775107281342832	-0.29729016690643567	-0.4661576712510037	-0.19731722191688508	-0.39871033794428196	-0.13489261085103524	-0.019150523249289727	-0.15271729628701108	0.4499159888381662	-0.43154271133788313	-0.05385125810179354	-0.08668451560863626	0.18063495966057813	-0.1364911010027618	-0.11861994852033746	-0.4690402041131275	0.34507883517348004	-0.07894123042871011	-0.3434598593575318	-0.145266097244241	-0.3237286634968319	-0.50978912535386	-0.4092501250742618	-0.25937521776006045	-0.1781575397621147	-0.15972713381775627	-0.3605542137515323	0.16793801227304495	-0.46061487878594204	-0.18661228435435634	-0.2005112732190601	-0.0026596967819794894	-0.24160324470232097	-0.31631586708849296	-0.11254022994304824	-0.04152550253405968	-0.061195920899772334	-0.06862643458589633	0.29287363273467476
indie pop	-0.4343218157853133	0.30731019881174365	0.7922844933733	0.07277772758459539	0.09719038788943628	-0.41786218410295184	0.40701456309198164	0.5403320174419058	0.46777132482367445	-0.19321465435226073	0.21065268660398087	1.0	0.17617263438894096	0.05084030859902989	0.37622529858163295	-0.13075162126554443	-0.6372228822414124	-0.08788365298807704	-0.13100776615416823	0.1165356333149909	-0.1036546208222494	-0.5620586963248508	-0.17060390224863964	0.26421308794860937	0.023174726420885788	-0.41536955231458245	0.11442082256349366	0.09591958504460929	-0.019112818190327906	-0.6499332677067018	0.030554402213786632	-0.5448590062896063	0.2018756995821767	0.2522753826149471	0.31951745743448484	-0.12307219378740439	-0.07217582853094556	0.5454559274685903	-0.26524535148082334	-0.4126597868612592	-0.23835955845539072	0.12380888340520294	0.1787160902848302	-0.2830313426005464	0.5087931584249955	-0.39517399543150034	-0.0010163082803631494	-0.6574984826366053	-0.10509439220466592	0.19624300269221207	0.3369239129236563	-0.2788661426463439	-0.07963093351149578	-0.4908117353219531	-0.29091451192082973	-0.3995007334964244	-0.18547165669751028	-0.5376862285104729	-0.3902711148182739	-0.2345183519160731	-0.20651065805626925	-0.17815549710511022	-0.10634159600510351	-0.11700469970656235	-0.44728575362946826	-0.3093096156267005	-0.10364797229859891	-0.29086183439476954	-0.21894562327173697	-0.5177120796925506	-0.23694057957748094	-0.16195319780520587	-0.30015366101225394	-0.41567826734386876	-0.09096774197095127	-0.0016098333098862041	-0.370289770459556	-0.3688458877970997	-0.16147300760285593	-0.2261316778694324	-0.3005052427108876	-0.4697383885320024	-0.1607838182476759	-0.1537839412505604	-0.5947462939587362	-0.07711706004330716	-0.28320365753179993	0.2988401687608331	0.07722217503297045	-0.6888813736790426	-0.09519328470642589	-0.2850102759392242	-0.2955018249678789	-0.42979463595151257	-0.049035383984718836	0.33628589749410537	-0.28135345524749134	-0.4819895479467711	0.020708628049015423	-0.06470031480686388	-0.2831529896362527	0.26165612005862043	0.1522683883542977	-0.24460657902286032	-0.4260894518461118	-0.3126266603416216	0.010526164101872912	-0.13040225647676898	-0.076185039935734	-0.062105276882838525	-0.37708189847286216	0.20458208651401422	-0.09312735174258366	-0.29330252492843695	-0.30052918492491437	0.5051561690989741	-0.37174532304678615	-0.379301556457303	-0.46679270455752675	-0.18537803301559064	-0.35011406818305535	-0.2465605455185746	-0.2190046015658206	-0.1488861251979007	-0.030019317802349	-0.33393705461731943	-0.09320777624210354	-0.028723317177880868	-0.37229712318886043	-0.46348958521580874	-0.3223056671056988	-0.1297032792013281	-0.5842872219463342	-0.2876476420499366	-0.30803074663805885	-0.35202020506945436	-0.044941052753241006	-0.4689833029326293	-0.1561074853731527	-0.010509107246679576	-0.24221716375039282	-0.3850566466542344	-0.18109188660680556	-0.25237030776660285	-0.16495938083404252	0.26315071303028353
rap	-0.3271299592655028	0.0963013636208773	0.0572792880973787	0.2697863355370487	-0.3037746699897832	-0.26455229603021224	0.06824134344668638	-0.10849543144064734	0.1821144457235131	-0.2414971883350861	0.28742397407724335	0.17617263438894096	1.0	-0.11200900512462028	0.11702614861014085	-0.08488988459748147	-0.21372098605642376	0.1146562181378145	-0.31148235420936426	0.3523858481766773	-0.048461616320243844	0.0018473767990816045	-0.13325870932768819	0.9534021960585952	-0.11136316044860088	-0.0512436456649042	-0.1635964368413213	-0.4881619960184075	-0.18784041572130453	-0.052115389890713786	0.36662194552174576	-0.30764473309576684	0.18055336666240668	0.2850402688501614	0.23430195029309514	-0.015225215842518194	0.06261290219791116	0.14891703070119774	-0.16770270745010674	0.16266607455644144	-0.2845888333596683	0.005038878534370772	0.12786682609695268	0.17832242714974547	0.27174673908839353	-0.09230007406181685	-0.05170745093912352	0.11603015212640531	-0.24665221218299155	-0.018116162367116617	-0.06460850150112966	0.1443651153696012	0.0483820352348803	-0.1390772810841196	-0.362175936820317	0.02810915484807081	-0.33202916818773814	-0.13668033747879113	0.07664071663101657	0.0931420928919743	0.162160849948426	-0.18554480230510983	-0.21307601344203642	-0.23749695805697973	-0.2393835782937449	-0.22742739701883813	0.04442788936755374	-0.08938100527250041	0.10326106937779803	-0.02173523602696542	0.16569067902272389	-0.17696089113081226	-0.16211262102402796	-0.3265337309302834	-0.22033595452050117	-0.20918124066670424	0.018467135888959988	-0.27481933577894846	-0.25377237078232234	-0.22446117653528622	0.24759953422857395	-0.07254053197542197	-0.35094381482313	-0.1490281692264366	-0.07404948007729996	-0.2360091290554957	-0.3277827045792142	0.05876626683415044	0.029125042075790197	0.013259648803912756	0.17394591188554867	-0.12034982407116067	0.12537769144855046	-0.28680488190353787	-0.318644746479568	-0.049043335822286184	-0.27801853619125366	-0.15436696634714878	0.06933689679554182	0.040817921904506206	0.055795237841006116	0.03910024378489338	0.17333207589146926	-0.07359832036020177	-0.2077645884956942	-0.04120587655894843	-0.1738016315156322	-0.028620145366960493	-0.20988075485147195	-0.06548762233239744	0.08338623041764527	-0.17686970307376212	-0.013370080182686839	0.053467865251189794	0.10912677772982775	0.18225193117459143	-0.12920372020476745	0.13302253761814184	-0.16125468432731535	0.06081244001257628	0.02559980962254119	-0.25280206402072686	-0.3335367581659943	0.08980017303031085	0.19881769556658332	-0.1699841496107802	-0.3201273162521422	0.18142751997794168	-0.11186345918763803	-0.3089759085655725	-0.13471416273133982	-0.1684656646640751	0.08025335038609238	-0.09646435230558045	-0.11018039153498871	-0.18551162469060592	-0.14442443720813133	-0.22908811176376095	0.04515493422006909	-0.07417202356279655	-0.12047995741285356	0.051745359319872036	-0.16050341806772672	0.03258383084053935	-0.13621450458773376	0.06419499700293423
